0 0.812928 0.949798 0.053129 0.027722
0 0.782453 0.925000 0.054689 0.040625
0 0.781673 0.867969 0.043748 0.042188
0 0.859796 0.885937 0.040627 0.046875
0 0.847304 0.824131 0.049999 0.039239
0 0.664483 0.715625 0.049999 0.046875
0 0.755109 0.714062 0.034376 0.040625
0 0.866047 0.703125 0.043748 0.040625
0 0.632457 0.606250 0.039066 0.037500
0 0.649641 0.512500 0.045308 0.043750
0 0.706670 0.454687 0.037497 0.037500
0 0.736365 0.371094 0.046878 0.060937
0 0.577768 0.316406 0.048438 0.039063
0 0.266835 0.198437 0.039066 0.040625
0 0.279328 0.274219 0.035936 0.035937
0 0.415270 0.024219 0.032815 0.026563
0 0.531671 0.520312 0.043748 0.040625
0 0.544173 0.466406 0.049999 0.045312
0 0.625426 0.419531 0.031246 0.042188
0 0.612144 0.374219 0.032815 0.042188
0 0.969175 0.748437 0.046878 0.056250
0 0.986152 0.670312 0.027695 0.056250
0 0.858396 0.798872 0.030075 0.023810
0 0.688596 0.020677 0.041353 0.041353