0 0.722300 0.868750 0.049999 0.031250
0 0.698866 0.702344 0.037497 0.039063
0 0.045735 0.912500 0.034376 0.034375
0 0.159015 0.834375 0.039066 0.043750
0 0.497302 0.489844 0.040627 0.035937
0 0.450424 0.462500 0.031246 0.034375
0 0.763707 0.268750 0.042187 0.043750
0 0.403546 0.251563 0.034376 0.037500
0 0.537139 0.149219 0.035936 0.039063
0 0.307460 0.134375 0.042187 0.040625
0 0.344176 0.100781 0.021874 0.039063
0 0.605891 0.014844 0.035936 0.029687
0 0.630895 0.141604 0.045308 0.032581
0 0.451985 0.102344 0.025004 0.026563
0 0.219955 0.084375 0.032815 0.037500
0 0.269173 0.414063 0.034376 0.034375
0 0.403546 0.321094 0.025004 0.029688