0 0.013496 0.186719 0.026992 0.039063
0 0.044179 0.222656 0.046878 0.048437
0 0.014276 0.324219 0.028552 0.045312
0 0.292612 0.228125 0.043748 0.043750
0 0.486365 0.390625 0.053129 0.046875
0 0.413703 0.294531 0.039066 0.045312
0 0.438707 0.261719 0.048438 0.045312
0 0.647302 0.200781 0.043748 0.042188
0 0.801208 0.164062 0.039066 0.043750
0 0.759801 0.246875 0.053129 0.053125
0 0.828553 0.232031 0.040627 0.035937
0 0.834014 0.308594 0.039066 0.039063
0 0.863709 0.335156 0.029685 0.045312
0 0.990055 0.478125 0.019890 0.053125