0 0.620741 0.467969 0.037497 0.032812
0 0.759796 0.517969 0.043748 0.048437
0 0.680892 0.534375 0.045308 0.028125
0 0.543398 0.531250 0.051559 0.040625
0 0.403554 0.593750 0.043748 0.043750
0 0.297297 0.504687 0.040627 0.040625
0 0.277773 0.526562 0.042187 0.034375
0 0.325422 0.340625 0.031246 0.040625
0 0.598858 0.378906 0.025004 0.026563
0 0.588706 0.391406 0.032815 0.042188
0 0.560581 0.412500 0.029685 0.028125
0 0.291046 0.294531 0.031246 0.032812
0 0.266831 0.336719 0.026564 0.020312
0 0.269172 0.366406 0.049999 0.032812
0 0.053545 0.182812 0.040627 0.053125