0 0.697304 0.080469 0.046878 0.032812
0 0.690272 0.048438 0.045308 0.028125
0 0.652766 0.153906 0.039066 0.042188
0 0.606678 0.160937 0.034376 0.046875
0 0.509022 0.021875 0.026564 0.040625
0 0.472296 0.061719 0.037497 0.035937
0 0.416836 0.029688 0.032815 0.043750
0 0.390271 0.027344 0.035936 0.032812
0 0.005683 0.251563 0.011366 0.031250
0 0.058235 0.231250 0.043748 0.037500
0 0.198859 0.264063 0.043748 0.034375
0 0.183236 0.367969 0.040627 0.035937
0 0.144960 0.369531 0.035936 0.029688
0 0.005679 0.347656 0.011357 0.026563
0 0.030891 0.324219 0.032815 0.029688
0 0.707456 0.226563 0.048438 0.028125
0 0.823865 0.319531 0.031246 0.032812
0 0.791830 0.326562 0.029685 0.031250
0 0.869953 0.289063 0.026564 0.031250
0 0.912141 0.307813 0.029685 0.021875
0 0.926203 0.321094 0.032815 0.026563
0 0.987713 0.338281 0.024574 0.026563
0 0.982245 0.639844 0.035510 0.032812
0 0.687142 0.648437 0.035936 0.031250
0 0.627772 0.702344 0.042187 0.032812
0 0.544178 0.840625 0.068752 0.046875
0 0.500421 0.792969 0.028125 0.032812
0 0.715267 0.732812 0.029685 0.037500
0 0.874644 0.832812 0.039066 0.034375
0 0.876566 0.698622 0.023810 0.023810
0 0.099624 0.274436 0.023810 0.022556
0 0.364035 0.817043 0.021303 0.020050
0 0.288221 0.912907 0.037594 0.033835