0 0.053545 0.978125 0.040627 0.043750
0 0.607459 0.544531 0.032815 0.035937
0 0.624642 0.564844 0.029685 0.039063
0 0.048864 0.164844 0.034376 0.045312
0 0.123867 0.171094 0.049999 0.051563
0 0.178547 0.218750 0.037497 0.043750
0 0.020739 0.053906 0.021874 0.029688
0 0.031672 0.021094 0.031246 0.026563
0 0.353546 0.117188 0.040627 0.040625
0 0.422298 0.113281 0.034376 0.042188
0 0.450423 0.167969 0.031246 0.035937
0 0.483238 0.181250 0.040627 0.037500
0 0.593397 0.121875 0.032815 0.037500
0 0.631674 0.152344 0.049999 0.039063
0 0.698865 0.142187 0.043748 0.031250
0 0.769957 0.124219 0.048438 0.035937
0 0.829327 0.085938 0.045308 0.034375
0 0.858242 0.054688 0.043748 0.034375
0 0.895738 0.117188 0.049999 0.034375
0 0.884797 0.203906 0.034376 0.039063
0 0.769957 0.258594 0.039066 0.032812
0 0.739492 0.228906 0.040627 0.039063
0 0.953548 0.054688 0.040627 0.043750
0 0.987711 0.066406 0.024578 0.051563