0 0.497298 0.557031 0.028125 0.029688
0 0.528553 0.625781 0.031246 0.023437
0 0.556678 0.594531 0.034376 0.026563
0 0.350423 0.376563 0.021874 0.031250
0 0.317608 0.285937 0.025004 0.031250
0 0.301205 0.217969 0.032815 0.026563
0 0.226202 0.202344 0.029685 0.023437
0 0.208239 0.171875 0.031246 0.031250
0 0.162141 0.096094 0.029685 0.020312
0 0.166832 0.071094 0.026564 0.029688
0 0.837926 0.386719 0.031246 0.032812
0 0.679329 0.195312 0.032815 0.025000
0 0.575422 0.345313 0.028125 0.021875
0 0.582453 0.274219 0.035936 0.029688
0 0.608237 0.336719 0.031246 0.026563