0 0.520738 0.152344 0.031246 0.032812
0 0.468390 0.175000 0.035936 0.028125
0 0.424642 0.143750 0.026564 0.021875
0 0.371523 0.096094 0.039066 0.029688
0 0.210585 0.037500 0.029685 0.021875
0 0.235580 0.046094 0.029685 0.017188
0 0.139484 0.395312 0.040627 0.028125
0 0.415270 0.271094 0.023434 0.017188
0 0.421521 0.305469 0.026564 0.026562
0 0.231679 0.471094 0.025004 0.026562
0 0.786364 0.342969 0.034376 0.029688
0 0.920737 0.562500 0.028125 0.028125
0 0.966834 0.589844 0.023434 0.029688
0 0.112782 0.172932 0.025063 0.022556
0 0.199248 0.268797 0.020050 0.021303