0 0.574158 0.528125 0.040626 0.043750
0 0.586662 0.475781 0.037502 0.035937
0 0.611660 0.498437 0.040626 0.037500
0 0.671812 0.326563 0.051563 0.043750
0 0.541346 0.255469 0.062501 0.045312
0 0.436661 0.271875 0.049998 0.040625
0 0.028068 0.090625 0.045316 0.043750
0 0.132753 0.163281 0.045316 0.042188
0 0.478062 0.313281 0.042184 0.045312
0 0.498379 0.397656 0.029688 0.039063
0 0.567128 0.338281 0.042184 0.039063
0 0.567911 0.314063 0.053121 0.028125
0 0.011298 0.303125 0.022596 0.043750
0 0.068296 0.390351 0.023810 0.016291
0 0.098371 0.397243 0.021303 0.020050
0 0.059524 0.422306 0.031328 0.020050
0 0.081454 0.436717 0.035088 0.023810
0 0.133459 0.473684 0.033835 0.027569