0 0.169953 0.453125 0.042187 0.034375
0 0.026988 0.449219 0.034376 0.032812
0 0.015837 0.418750 0.031674 0.031250
0 0.199647 0.521094 0.039066 0.039062
0 0.548077 0.282812 0.039066 0.025000
0 0.608237 0.224219 0.034376 0.035937
0 0.661366 0.174219 0.031246 0.042187
0 0.725427 0.164844 0.034376 0.039062
0 0.736359 0.208594 0.028125 0.029687
0 0.729328 0.249219 0.035936 0.039062
0 0.155890 0.660938 0.032815 0.031250
0 0.239485 0.726563 0.056250 0.046875
0 0.362145 0.812500 0.048438 0.040625
0 0.735579 0.326562 0.029685 0.021875
0 0.688711 0.353125 0.032815 0.021875
0 0.778546 0.465625 0.040627 0.034375
0 0.961367 0.819531 0.031246 0.039062
0 0.978550 0.848437 0.031246 0.034375
0 0.815272 0.907813 0.042187 0.028125
0 0.584803 0.983594 0.037497 0.032812
0 0.126205 0.573438 0.032815 0.050000