0 0.751984 0.879687 0.028125 0.028125
0 0.619172 0.875000 0.025004 0.028125
0 0.614490 0.817187 0.028125 0.025000
0 0.708237 0.788281 0.040627 0.035937
0 0.828547 0.901562 0.034376 0.031250
0 0.934795 0.830469 0.031246 0.023437
0 0.959799 0.782812 0.031246 0.037500
0 0.933235 0.854688 0.031246 0.021875
0 0.796521 0.498437 0.029685 0.028125
0 0.825426 0.507812 0.037497 0.028125
0 0.866053 0.443750 0.025004 0.031250
0 0.862143 0.418750 0.023434 0.028125
0 0.869954 0.388281 0.032815 0.026563
0 0.916832 0.361719 0.023434 0.029688
0 0.917612 0.410937 0.028125 0.034375
0 0.973862 0.375000 0.034376 0.028125
0 0.997088 0.354687 0.005824 0.028125
0 0.201210 0.871875 0.026564 0.025000
0 0.204331 0.814062 0.020313 0.021875
0 0.210582 0.780469 0.026564 0.029688
0 0.251989 0.767969 0.037497 0.026563
0 0.172296 0.720312 0.021874 0.021875
0 0.241047 0.694531 0.021874 0.026563
0 0.611360 0.696094 0.025004 0.026563
0 0.696515 0.692969 0.029685 0.032812
0 0.989276 0.827344 0.021448 0.026563
0 0.884017 0.931250 0.023434 0.034375
0 0.217613 0.532031 0.025004 0.020312
0 0.197300 0.563281 0.031246 0.023437
0 0.348865 0.525000 0.025004 0.025000
0 0.360578 0.585156 0.039066 0.020312
0 0.446522 0.677344 0.035936 0.026563
0 0.449643 0.623437 0.035936 0.031250
0 0.482458 0.558594 0.029685 0.032812
0 0.524645 0.350781 0.039066 0.029688
0 0.471516 0.290625 0.035936 0.031250
0 0.493390 0.259375 0.039066 0.034375
0 0.619172 0.382813 0.025004 0.021875
0 0.817615 0.417187 0.025004 0.028125
0 0.787140 0.424219 0.026564 0.029688
0 0.802772 0.367187 0.029685 0.034375
0 0.855112 0.289062 0.028125 0.028125
0 0.873084 0.260937 0.029685 0.031250
0 0.751984 0.253906 0.025004 0.029688
0 0.729330 0.363281 0.029685 0.023437
0 0.491050 0.110156 0.037497 0.026563
0 0.475427 0.078906 0.031246 0.029688
0 0.516054 0.165625 0.031246 0.037500
0 0.837148 0.065625 0.039066 0.021875
0 0.818395 0.047656 0.023434 0.029688