0 0.307455 0.836719 0.042187 0.035937
0 0.340270 0.683594 0.042187 0.035937
0 0.284801 0.644531 0.040627 0.023437
0 0.172301 0.535937 0.037497 0.031250
0 0.585582 0.281250 0.048438 0.040625
0 0.668396 0.248437 0.035936 0.040625
0 0.412923 0.253906 0.040627 0.042188
0 0.395739 0.209375 0.028125 0.025000
0 0.501988 0.385156 0.031246 0.042188
0 0.484804 0.292969 0.025004 0.029688
0 0.462141 0.316406 0.032815 0.020312
0 0.754331 0.319531 0.029685 0.039063
0 0.101209 0.097656 0.029685 0.035937
0 0.034798 0.147656 0.037497 0.035937