0 0.420343 0.448581 0.034846 0.045850
0 0.401082 0.324794 0.044011 0.044012
0 0.549630 0.256937 0.040345 0.044012
0 0.297466 0.368806 0.031180 0.033013
0 0.313061 0.413737 0.033013 0.038513
0 0.270873 0.279862 0.036679 0.042181
0 0.818301 0.713587 0.049519 0.044012
0 0.781622 0.661319 0.038512 0.034844
0 0.923750 0.614556 0.051352 0.044012
0 0.678927 0.168912 0.038512 0.044012
0 0.582643 0.304619 0.025671 0.044012
0 0.601904 0.296369 0.027504 0.031175
0 0.544131 0.202837 0.025671 0.027506
0 0.910863 0.021281 0.032910 0.034844
0 0.250627 0.508772 0.025063 0.020050
0 0.051378 0.597744 0.020050 0.025063