0 0.756673 0.272656 0.040627 0.051562
0 0.678549 0.235156 0.040627 0.032812
0 0.656675 0.328906 0.034376 0.042188
0 0.705894 0.255469 0.020313 0.042188
0 0.689491 0.151562 0.031246 0.034375
0 0.532454 0.185937 0.042187 0.037500
0 0.518392 0.146094 0.032815 0.032812
0 0.506680 0.283594 0.037497 0.042188
0 0.430897 0.266406 0.045308 0.029688
0 0.430117 0.400000 0.040627 0.043750
0 0.290273 0.290625 0.045308 0.046875
0 0.338702 0.235156 0.035936 0.035938
0 0.162922 0.171094 0.037497 0.039062
0 0.223082 0.267969 0.039066 0.039062
0 0.072296 0.328906 0.040627 0.035938
0 0.930112 0.928906 0.040627 0.048437
0 0.413704 0.675781 0.023434 0.026562
0 0.318398 0.612500 0.029685 0.028125
0 0.275421 0.595312 0.034376 0.031250
0 0.305896 0.657812 0.045308 0.037500
0 0.287143 0.679688 0.042187 0.040625
0 0.205898 0.686719 0.042187 0.042188
0 0.135577 0.764062 0.023434 0.040625
0 0.219171 0.733594 0.037497 0.039063
0 0.209019 0.767188 0.042187 0.028125
0 0.008145 0.341479 0.016290 0.033835