0 0.494953 0.342969 0.048438 0.039062
0 0.177769 0.171875 0.029685 0.040625
0 0.080113 0.288281 0.043748 0.023438
0 0.087924 0.314063 0.037497 0.021875
0 0.042616 0.268750 0.043748 0.031250
0 0.412929 0.877344 0.056250 0.051563
0 0.519177 0.992187 0.065621 0.015625
0 0.495734 0.964062 0.034376 0.025000
0 0.525428 0.870312 0.034376 0.040625
0 0.644178 0.850000 0.046878 0.053125
0 0.595740 0.907812 0.037497 0.050000
0 0.703549 0.860156 0.034376 0.048437
0 0.741835 0.857031 0.035936 0.035937
0 0.765269 0.957812 0.042187 0.046875
0 0.841052 0.974219 0.046878 0.051562
0 0.870737 0.902344 0.031246 0.039063
0 0.868397 0.871875 0.035936 0.031250
0 0.925426 0.884375 0.046878 0.046875
0 0.933238 0.923437 0.040627 0.034375
0 0.954887 0.459273 0.040100 0.036341
0 0.942356 0.426065 0.025063 0.027569
0 0.238722 0.166040 0.033835 0.033835