0 0.055299 0.948687 0.046079 0.034556
0 0.005329 0.863012 0.010658 0.030237
0 0.223032 0.991620 0.038878 0.016759
0 0.181278 0.956606 0.035993 0.027356
0 0.139523 0.957325 0.035993 0.037437
0 0.166162 0.908369 0.034554 0.028794
0 0.240310 0.974600 0.035993 0.028794
0 0.229518 0.945087 0.031678 0.033119
0 0.277750 0.941487 0.027354 0.031675
0 0.250396 0.901888 0.035993 0.030237
0 0.335344 0.851494 0.027354 0.038875
0 0.430368 0.863737 0.027354 0.034556
0 0.881756 0.799662 0.025916 0.041756
0 0.013970 0.795344 0.027940 0.038875
0 0.028659 0.755750 0.030240 0.031675
0 0.013970 0.665756 0.027940 0.041756
0 0.033698 0.624725 0.025916 0.025919
0 0.332467 0.780225 0.033116 0.040313
0 0.374936 0.715431 0.023039 0.037437
0 0.315181 0.631200 0.024478 0.024475
0 0.236719 0.652800 0.034554 0.027356
0 0.230233 0.596650 0.030240 0.035994
0 0.349021 0.515294 0.023039 0.025919
0 0.367022 0.525375 0.021601 0.020156
0 0.352621 0.534013 0.021601 0.034556
0 0.520364 0.519619 0.028792 0.031675
0 0.421730 0.519619 0.033116 0.028794
0 0.522516 0.446906 0.030240 0.027356
0 0.400852 0.474262 0.034554 0.027356
0 0.539794 0.942206 0.030240 0.035994
0 0.798970 0.478581 0.035993 0.038875
0 0.829925 0.354037 0.037431 0.028794
0 0.858717 0.325963 0.028792 0.033119
0 0.766569 0.364838 0.025916 0.027356
0 0.732738 0.348994 0.033116 0.027356
0 0.662905 0.356919 0.031678 0.028794
0 0.986235 0.709675 0.027529 0.037437
0 0.947989 0.318762 0.040317 0.044637
0 0.987674 0.271244 0.024652 0.033119
0 0.927835 0.240287 0.028792 0.028794
0 0.310142 0.084069 0.025916 0.030237
0 0.284950 0.115025 0.027354 0.028794
0 0.161848 0.055275 0.025916 0.030237