0 0.169174 0.024219 0.037497 0.026563
0 0.155112 0.173437 0.040627 0.034375
0 0.591836 0.295313 0.051559 0.037500
0 0.619171 0.114062 0.034376 0.037500
0 0.792610 0.186719 0.028125 0.026563
0 0.480897 0.749219 0.042187 0.026563
0 0.504331 0.791406 0.039066 0.026563
0 0.443391 0.829688 0.045308 0.031250
0 0.532456 0.885937 0.023434 0.040625
0 0.748082 0.702344 0.032815 0.032812
0 0.716047 0.780469 0.034376 0.032812
0 0.801202 0.646875 0.042187 0.043750
0 0.758234 0.532031 0.034376 0.026563
0 0.564491 0.541406 0.040627 0.023437
0 0.586365 0.560156 0.037497 0.026563
0 0.563711 0.588281 0.029685 0.026563
0 0.616050 0.678125 0.037497 0.037500