0 0.007246 0.496875 0.014492 0.040625
0 0.255893 0.501563 0.039066 0.037500
0 0.289489 0.450781 0.043748 0.048437
0 0.245741 0.405469 0.037497 0.032812
0 0.226988 0.426563 0.034376 0.031250
0 0.083234 0.396875 0.021874 0.015625
0 0.106678 0.362500 0.031246 0.025000
0 0.309802 0.333594 0.040627 0.045312
0 0.243391 0.352344 0.032815 0.023437
0 0.243391 0.203125 0.032815 0.037500
0 0.121520 0.222656 0.023434 0.029688
0 0.096516 0.200000 0.035936 0.018750
0 0.117610 0.172656 0.037497 0.029688
0 0.108238 0.152344 0.037497 0.026563
0 0.094956 0.058594 0.032815 0.032812
0 0.180111 0.069531 0.040627 0.035937
0 0.283238 0.107812 0.031246 0.037500
0 0.281678 0.153125 0.028125 0.034375
0 0.450426 0.860156 0.034376 0.023437
0 0.391827 0.825781 0.035936 0.026563
0 0.418391 0.801562 0.039066 0.025000
0 0.601202 0.839062 0.035936 0.034375
0 0.630117 0.845312 0.028125 0.050000
0 0.634798 0.683594 0.031246 0.029688
0 0.489483 0.516406 0.037497 0.039063
0 0.529330 0.456250 0.035936 0.040625
0 0.476991 0.420313 0.040627 0.040625
0 0.454327 0.381250 0.032815 0.037500
0 0.471520 0.317969 0.045308 0.026563
0 0.396517 0.306250 0.035936 0.028125
0 0.390266 0.290625 0.039066 0.025000
0 0.549643 0.273437 0.039066 0.043750
0 0.594171 0.423437 0.031246 0.028125
0 0.595741 0.396875 0.028125 0.034375
0 0.639489 0.478906 0.034376 0.039063
0 0.680115 0.390625 0.034376 0.037500
0 0.678546 0.339062 0.031246 0.037500
0 0.745737 0.407031 0.021874 0.029688
0 0.781673 0.416406 0.040627 0.032812
0 0.798085 0.383594 0.026564 0.026563
0 0.848084 0.428125 0.026564 0.037500
0 0.800426 0.339063 0.037497 0.034375
0 0.736365 0.325781 0.025004 0.032812
0 0.791834 0.292969 0.035936 0.035937
0 0.740266 0.256250 0.029685 0.031250
0 0.608234 0.177344 0.037497 0.035937
0 0.822300 0.146094 0.031246 0.029688
0 0.687927 0.088281 0.034376 0.032812
0 0.722303 0.132031 0.028125 0.032812
0 0.984587 0.882031 0.030825 0.017188
0 0.982457 0.903125 0.026564 0.021875
0 0.930898 0.832031 0.039066 0.029688
0 0.930108 0.864844 0.049999 0.020312
0 0.819959 0.982031 0.032815 0.035938
0 0.983805 0.441406 0.032390 0.026563
0 0.956673 0.471094 0.040627 0.029688
0 0.976206 0.394531 0.023434 0.029688
0 0.962924 0.380469 0.037497 0.023437
0 0.956673 0.356250 0.031246 0.031250
0 0.923867 0.357813 0.040627 0.028125
0 0.889491 0.282031 0.031246 0.020312
0 0.575188 0.011278 0.037594 0.022556
0 0.572682 0.822682 0.025063 0.028822