0 0.052765 0.346094 0.026564 0.026562
0 0.647296 0.760156 0.037497 0.032812
0 0.058236 0.643750 0.028125 0.028125
0 0.298867 0.635937 0.031246 0.050000
0 0.590267 0.550781 0.029685 0.042188
0 0.611360 0.491406 0.031246 0.048438
0 0.555891 0.514844 0.026564 0.032812
0 0.684802 0.333594 0.043748 0.039062
0 0.584016 0.363281 0.039066 0.035938
0 0.987711 0.032031 0.024578 0.045312
0 0.993180 0.051562 0.013640 0.034375
0 0.109649 0.671053 0.026316 0.023810
0 0.020677 0.181078 0.018797 0.023810
0 0.010652 0.196115 0.021303 0.028822
0 0.127820 0.123434 0.020050 0.026316
0 0.129073 0.147870 0.030075 0.022556