0 0.037147 0.012500 0.032815 0.025000
0 0.142615 0.098438 0.034376 0.031250
0 0.166830 0.082812 0.023434 0.028125
0 0.044179 0.410937 0.056250 0.050000
0 0.052770 0.361719 0.029685 0.048437
0 0.091047 0.353125 0.049999 0.046875
0 0.234801 0.499219 0.031246 0.039063
0 0.201206 0.390625 0.045308 0.050000
0 0.246523 0.398437 0.048438 0.031250
0 0.368394 0.467969 0.054689 0.051563
0 0.333238 0.631250 0.049999 0.050000
0 0.289490 0.557031 0.043748 0.045312
0 0.256675 0.519531 0.037497 0.045312
0 0.290271 0.496094 0.039066 0.045312
0 0.462920 0.108594 0.025004 0.035937
0 0.492481 0.110276 0.022556 0.017544
0 0.625940 0.413534 0.023810 0.017544