0 0.920734 0.781250 0.043748 0.056250
0 0.968392 0.828906 0.029685 0.039063
0 0.986149 0.648438 0.027702 0.046875
0 0.897247 0.672656 0.037602 0.035938
0 0.898080 0.632031 0.051559 0.042188
0 0.799644 0.614844 0.039066 0.039062
0 0.824648 0.692187 0.039066 0.031250
0 0.952770 0.558594 0.048438 0.045312
0 0.904331 0.506250 0.057810 0.056250
0 0.943398 0.509375 0.045308 0.050000
0 0.851203 0.514844 0.054689 0.051562
0 0.741834 0.496094 0.048438 0.042188
0 0.753546 0.457031 0.043748 0.042188
0 0.719960 0.451562 0.042187 0.037500
0 0.660580 0.480469 0.057810 0.048438
0 0.605111 0.464844 0.040627 0.029688
0 0.123859 0.921286 0.031246 0.035554
0 0.884018 0.372656 0.045308 0.048438
0 0.832459 0.363281 0.048438 0.051562
0 0.784021 0.351562 0.035936 0.037500