0 0.206671 0.414063 0.062501 0.050000
0 0.109015 0.666406 0.064061 0.054688
0 0.485579 0.579687 0.076563 0.053125
0 0.557461 0.630469 0.064061 0.032812
0 0.513704 0.698438 0.076563 0.056250
0 0.391833 0.730469 0.054689 0.064063
0 0.384801 0.663281 0.056250 0.057812
0 0.241047 0.608594 0.053129 0.054688
0 0.267612 0.601562 0.046878 0.056250
0 0.205749 0.697558 0.058114 0.051758
0 0.093392 0.733594 0.057810 0.042188
0 0.063707 0.807812 0.057810 0.040625
0 0.140270 0.810938 0.039066 0.040625
0 0.477767 0.914844 0.064061 0.048437
0 0.494960 0.832031 0.067191 0.032812
0 0.508242 0.781250 0.043748 0.037500
0 0.472297 0.767187 0.053129 0.056250
0 0.977554 0.911719 0.044891 0.048437