0 0.241053 0.723437 0.046878 0.034375
0 0.312925 0.700781 0.053129 0.042188
0 0.775424 0.694531 0.049999 0.051563
0 0.752770 0.563281 0.070312 0.051563
0 0.960585 0.711719 0.064061 0.054688
0 0.877771 0.635938 0.035936 0.028125
0 0.006465 0.134375 0.012929 0.031250
0 0.045740 0.160937 0.031246 0.031250
0 0.048861 0.093750 0.028125 0.031250
0 0.151208 0.100781 0.039066 0.032812
0 0.180893 0.179687 0.048438 0.034375
0 0.253546 0.016406 0.037497 0.029688
0 0.616827 0.049219 0.035936 0.032812
0 0.625428 0.079688 0.034376 0.031250