0 0.977769 0.171875 0.029685 0.040625
0 0.880113 0.288281 0.043748 0.023438
0 0.887924 0.314063 0.037497 0.021875
0 0.842616 0.268750 0.043748 0.031250
0 0.723086 0.214062 0.048438 0.034375
0 0.635581 0.286719 0.035936 0.032812
0 0.592614 0.285938 0.040627 0.034375
0 0.769954 0.251563 0.029685 0.040625
0 0.660585 0.383594 0.039066 0.039062
0 0.594954 0.319531 0.039066 0.032812
0 0.556677 0.325000 0.037497 0.037500
0 0.424645 0.306250 0.045308 0.040625
0 0.294173 0.289844 0.049999 0.042188
0 0.229332 0.296875 0.042187 0.034375
0 0.244955 0.214844 0.023434 0.035938
0 0.207458 0.227344 0.014062 0.032812
0 0.534023 0.364062 0.032815 0.028125