0 0.066833 0.015625 0.042187 0.031250
0 0.321516 0.341406 0.032815 0.045312
0 0.391828 0.336719 0.035936 0.042188
0 0.319176 0.393750 0.040627 0.031250
0 0.267617 0.387500 0.040627 0.034375
0 0.281679 0.347656 0.037497 0.045312
0 0.242613 0.343750 0.040627 0.046875
0 0.136364 0.978125 0.037497 0.040625
0 0.444177 0.360156 0.034376 0.051562
0 0.550425 0.403906 0.031246 0.029688
0 0.487924 0.366406 0.028125 0.032812
0 0.619177 0.388281 0.040627 0.029688
0 0.615266 0.363281 0.026564 0.023438
0 0.844955 0.413281 0.029685 0.029688