0 0.788708 0.066406 0.042187 0.045312
0 0.792609 0.205469 0.037497 0.032812
0 0.730898 0.171875 0.032815 0.034375
0 0.681679 0.152344 0.028125 0.032812
0 0.651985 0.217969 0.028125 0.035937
0 0.675428 0.229687 0.021874 0.040625
0 0.774645 0.297656 0.026564 0.035937
0 0.359805 0.384375 0.028125 0.031250
0 0.053553 0.885156 0.028125 0.026563
0 0.138707 0.809375 0.032815 0.031250
0 0.182455 0.836719 0.014062 0.026563
0 0.183235 0.879687 0.037497 0.031250
0 0.884014 0.661719 0.020313 0.023437
0 0.867611 0.674219 0.034376 0.035937
0 0.932453 0.678125 0.042187 0.034375