0 0.986150 0.224219 0.027699 0.045312
0 0.558240 0.391406 0.043748 0.051562
0 0.712926 0.432031 0.049999 0.042188
0 0.193398 0.365625 0.039066 0.046875
0 0.240266 0.338281 0.035936 0.032812
0 0.020739 0.980469 0.037497 0.039062
0 0.066827 0.948438 0.042187 0.034375
0 0.101203 0.982812 0.035936 0.034375
0 0.106673 0.935937 0.031246 0.031250
0 0.150421 0.944531 0.043748 0.032812
0 0.185577 0.876563 0.042187 0.050000
0 0.279333 0.916406 0.026564 0.042188
0 0.338703 0.933594 0.029685 0.039062
0 0.364487 0.960938 0.049999 0.034375
0 0.363707 0.986719 0.048438 0.026562
0 0.491829 0.844531 0.035936 0.042188
0 0.532456 0.837500 0.035936 0.040625