0 0.530898 0.967969 0.029685 0.035937
0 0.470738 0.902344 0.034376 0.026563
0 0.448865 0.921875 0.028125 0.034375
0 0.436363 0.882812 0.028125 0.028125
0 0.414489 0.888281 0.025004 0.026563
0 0.392615 0.895312 0.025004 0.034375
0 0.189490 0.975000 0.037497 0.040625
0 0.746516 0.661719 0.039066 0.035937
0 0.768389 0.625781 0.035936 0.042188
0 0.715270 0.635937 0.051559 0.050000
0 0.622304 0.614062 0.028125 0.031250
0 0.464487 0.551562 0.046878 0.040625
0 0.869176 0.634375 0.037497 0.040625
0 0.852025 0.931078 0.049915 0.032581
0 0.572296 0.329687 0.021874 0.028125
0 0.597300 0.336719 0.021874 0.026563
0 0.662921 0.353125 0.021874 0.025000
0 0.195489 0.011905 0.022556 0.018797
0 0.055764 0.045113 0.013784 0.017544
0 0.195489 0.117168 0.022556 0.016291
0 0.031955 0.159148 0.018797 0.012531
0 0.006266 0.224311 0.012531 0.022556
0 0.910401 0.912907 0.028822 0.033835