0 0.133236 0.292187 0.037497 0.034375
0 0.173083 0.339844 0.042187 0.032813
0 0.175424 0.794531 0.037497 0.048438
0 0.117614 0.855469 0.034376 0.054687
0 0.090269 0.566406 0.029685 0.032813
0 0.115273 0.568750 0.035936 0.031250
0 0.244175 0.452344 0.031246 0.042187
0 0.387140 0.974219 0.026564 0.026562
0 0.259798 0.842188 0.034376 0.025000
0 0.962927 0.874219 0.040627 0.042187
0 0.931672 0.832031 0.025004 0.020312
0 0.626210 0.710156 0.029685 0.029687
0 0.588704 0.648437 0.029685 0.028125
0 0.563709 0.496094 0.026564 0.039063
0 0.494178 0.396094 0.037497 0.045313
0 0.450421 0.273438 0.040627 0.025000
0 0.468393 0.334375 0.029685 0.034375
0 0.345742 0.371875 0.043748 0.040625
0 0.313707 0.224219 0.045308 0.048437
0 0.316828 0.182812 0.035936 0.031250
0 0.884014 0.606250 0.032815 0.025000
0 0.882454 0.548437 0.029685 0.028125
0 0.880894 0.522656 0.023434 0.020313
0 0.894956 0.483594 0.029685 0.029687
0 0.991620 0.343750 0.016759 0.015625
0 0.846518 0.340625 0.032815 0.025000
0 0.855109 0.393750 0.028125 0.025000
0 0.879333 0.339844 0.029685 0.023438
0 0.912929 0.345313 0.018753 0.031250
0 0.530894 0.132031 0.045308 0.029687
0 0.708234 0.120312 0.031246 0.025000
0 0.618389 0.075781 0.035936 0.023438