0 0.485580 0.488281 0.039066 0.035938
0 0.510584 0.425000 0.039066 0.037500
0 0.571515 0.392187 0.026564 0.034375
0 0.695736 0.480469 0.037497 0.042188
0 0.667611 0.447656 0.040627 0.035938
0 0.717610 0.494531 0.037497 0.042188
0 0.660580 0.580469 0.032815 0.032812
0 0.674642 0.682031 0.039066 0.032812
0 0.711359 0.620313 0.031246 0.037500
0 0.810585 0.640625 0.020313 0.037500
0 0.830889 0.656250 0.026564 0.037500
0 0.864485 0.657813 0.031246 0.034375
0 0.863705 0.607812 0.042187 0.037500
0 0.809015 0.599219 0.029685 0.026562
0 0.296518 0.808594 0.032815 0.026562
0 0.283236 0.834375 0.028125 0.028125
0 0.206673 0.677344 0.043748 0.029688
0 0.165266 0.700781 0.035936 0.029688
0 0.053885 0.500000 0.020050 0.027569