0 0.037928 0.396875 0.040627 0.028125
0 0.260585 0.499219 0.039066 0.042188
0 0.310584 0.461719 0.042187 0.039062
0 0.391048 0.642188 0.037497 0.040625
0 0.300423 0.261719 0.037497 0.035938
0 0.385577 0.302344 0.032815 0.032812
0 0.507458 0.721875 0.045308 0.037500
0 0.310584 0.714063 0.042187 0.040625
0 0.330897 0.866406 0.035936 0.029688
0 0.308234 0.919531 0.040627 0.039062
0 0.162929 0.893750 0.034376 0.034375
0 0.045739 0.926562 0.034376 0.031250
0 0.062922 0.964844 0.037497 0.029688
0 0.918397 0.480469 0.029685 0.023438
0 0.925429 0.502344 0.031246 0.029688
0 0.789486 0.460938 0.034376 0.037500
0 0.962925 0.580469 0.043748 0.048438
0 0.656673 0.133594 0.037497 0.026562
0 0.755013 0.733709 0.031328 0.028822