0 0.987712 0.085938 0.024576 0.025000
0 0.974648 0.132812 0.048438 0.037500
0 0.919959 0.121875 0.045308 0.031250
0 0.865270 0.275000 0.048438 0.034375
0 0.879332 0.233594 0.032815 0.023437
0 0.950425 0.382031 0.043748 0.039063
0 0.844957 0.403125 0.029685 0.031250
0 0.653554 0.299219 0.053129 0.032812
0 0.587923 0.419531 0.037497 0.039063
0 0.474644 0.460937 0.051559 0.040625
0 0.462922 0.393750 0.034376 0.034375
0 0.526203 0.443750 0.023434 0.025000
0 0.898085 0.788281 0.054689 0.032812
0 0.351203 0.588281 0.048438 0.042188
0 0.252766 0.632031 0.054689 0.042188
0 0.187925 0.592969 0.043748 0.032812
0 0.180113 0.642187 0.040627 0.037500
0 0.134016 0.640625 0.029685 0.043750
0 0.094179 0.624219 0.046878 0.045312
0 0.087147 0.711719 0.035936 0.035937
0 0.045740 0.721094 0.028125 0.051563
0 0.212406 0.456767 0.038847 0.023810
0 0.113409 0.496241 0.033835 0.020050
0 0.568296 0.345238 0.026316 0.018797
0 0.562657 0.389724 0.027569 0.020050