0 0.222298 0.947656 0.053129 0.035937
0 0.151206 0.989844 0.032815 0.020312
0 0.008806 0.924219 0.017612 0.029688
0 0.018183 0.916406 0.036366 0.042188
0 0.495734 0.921679 0.034376 0.031328
0 0.490065 0.824332 0.032400 0.033040
0 0.023864 0.784375 0.018753 0.034375
0 0.058240 0.788281 0.037497 0.020312
0 0.058240 0.764844 0.028125 0.023437
0 0.044957 0.717969 0.029685 0.042187
0 0.147305 0.783594 0.025004 0.023437
0 0.176210 0.814062 0.042187 0.037500
0 0.194173 0.790625 0.028125 0.031250
0 0.181671 0.753906 0.031246 0.032812
0 0.197303 0.671875 0.028125 0.037500
0 0.236360 0.696875 0.046878 0.031250
0 0.279328 0.728906 0.042187 0.017188
0 0.266835 0.747656 0.029685 0.029688
0 0.352770 0.679688 0.032815 0.028125
0 0.415270 0.701562 0.051559 0.037500
0 0.585580 0.697656 0.048438 0.039062
0 0.660070 0.853849 0.049463 0.048551
0 0.616835 0.675781 0.039066 0.035938
0 0.524639 0.642187 0.042187 0.050000
0 0.664483 0.714844 0.046878 0.039063
0 0.800426 0.739844 0.031246 0.039063
0 0.988493 0.685156 0.023014 0.045312
0 0.661362 0.619531 0.028125 0.035938
0 0.691048 0.617969 0.034376 0.032812
0 0.595741 0.615625 0.031246 0.037500
0 0.515268 0.498437 0.029685 0.037500
0 0.903553 0.579687 0.043748 0.040625
0 0.804327 0.545312 0.035936 0.034375
0 0.387926 0.403906 0.049999 0.032812
0 0.483242 0.276562 0.040627 0.040625
0 0.287929 0.229687 0.049999 0.046875
0 0.422302 0.164062 0.034376 0.031250
0 0.226988 0.496875 0.031246 0.021875
0 0.256674 0.542969 0.028125 0.029688
0 0.012714 0.117187 0.025428 0.031250
0 0.469960 0.141406 0.048438 0.045312
0 0.525429 0.099219 0.034376 0.048438
0 0.709801 0.109375 0.046878 0.043750
0 0.701209 0.024219 0.042187 0.048437
0 0.303551 0.053017 0.040627 0.028340
0 0.947301 0.306250 0.031246 0.034375
0 0.980897 0.309375 0.032815 0.031250
0 0.836362 0.363281 0.043748 0.039062
0 0.898083 0.268750 0.032815 0.031250
0 0.744957 0.296875 0.042187 0.037500
0 0.659022 0.352344 0.042187 0.039062
0 0.801206 0.205469 0.051559 0.039062
0 0.713702 0.178125 0.039066 0.037500
0 0.898863 0.988281 0.034376 0.023438
0 0.345739 0.104687 0.043748 0.031250
0 0.869178 0.539844 0.028125 0.029688
0 0.056391 0.251880 0.025063 0.027569
0 0.115915 0.124060 0.023810 0.025063
0 0.716165 0.991855 0.051378 0.016290
0 0.587093 0.978697 0.033835 0.022556
0 0.543233 0.913534 0.021303 0.025063
0 0.128446 0.697995 0.016291 0.017544
0 0.799499 0.412281 0.035088 0.032581