0 0.451990 0.325000 0.049999 0.037500
0 0.307455 0.405469 0.057810 0.045312
0 0.599645 0.353906 0.048438 0.045312
0 0.618398 0.463281 0.060940 0.048438
0 0.619178 0.515625 0.031246 0.043750
0 0.594954 0.550781 0.054689 0.048438
0 0.248085 0.635938 0.064061 0.043750
0 0.110582 0.610938 0.045308 0.037500
0 0.018960 0.716406 0.037920 0.039062
0 0.259797 0.713281 0.056250 0.045312
0 0.081677 0.800000 0.043748 0.043750
0 0.266048 0.757031 0.040627 0.035938
0 0.348082 0.916406 0.039066 0.051562
0 0.520741 0.986719 0.043748 0.026562
0 0.491047 0.964844 0.031246 0.032812