0 0.460578 0.121875 0.032815 0.034375
0 0.466829 0.168750 0.035936 0.031250
0 0.544173 0.235156 0.028125 0.029688
0 0.579329 0.214844 0.032815 0.035937
0 0.591831 0.157031 0.029685 0.023437
0 0.519178 0.197656 0.025004 0.020312
0 0.555114 0.126562 0.031246 0.040625
0 0.540272 0.048438 0.029685 0.031250
0 0.505896 0.052344 0.026564 0.039063
0 0.656672 0.966406 0.031246 0.035937
0 0.788704 0.941406 0.023434 0.029688
0 0.993964 0.871875 0.012072 0.025000
0 0.972296 0.720312 0.021874 0.021875
0 0.990838 0.563281 0.018323 0.023437
0 0.670734 0.415625 0.028125 0.037500
0 0.571517 0.464063 0.026564 0.034375
0 0.676985 0.353906 0.034376 0.020312
0 0.626206 0.269531 0.039066 0.023437