0 0.245737 0.384375 0.053129 0.050000
0 0.346514 0.364844 0.054689 0.039063
0 0.337923 0.397656 0.043748 0.039063
0 0.429328 0.389063 0.039066 0.046875
0 0.519174 0.421875 0.043748 0.040625
0 0.513703 0.464844 0.035936 0.035938
0 0.768396 0.467187 0.029685 0.037500
0 0.626992 0.494531 0.034376 0.039063
0 0.519174 0.535938 0.034376 0.046875
0 0.491829 0.542969 0.045308 0.048438
0 0.516053 0.597656 0.028125 0.026563
0 0.521514 0.632813 0.045308 0.031250
0 0.406674 0.527344 0.046878 0.045313
0 0.366828 0.567187 0.045308 0.043750
0 0.419957 0.481250 0.042187 0.046875
0 0.156015 0.511905 0.028822 0.043860
0 0.266291 0.551378 0.041353 0.037594