0 0.027768 0.021875 0.045308 0.043750
0 0.158240 0.010938 0.037497 0.021875
0 0.253547 0.082031 0.031246 0.032812
0 0.023858 0.249219 0.037497 0.042188
0 0.189486 0.260156 0.034376 0.032812
0 0.205898 0.279687 0.035936 0.025000
0 0.237924 0.214062 0.034376 0.037500
0 0.434018 0.126562 0.032815 0.031250
0 0.465273 0.152344 0.042187 0.035938
0 0.494958 0.163281 0.032815 0.029688
0 0.468393 0.193750 0.045308 0.043750
0 0.452771 0.279688 0.051559 0.053125
0 0.381678 0.178906 0.028125 0.026562
0 0.219961 0.332031 0.051559 0.042188
0 0.176984 0.320312 0.031246 0.028125
0 0.128546 0.346094 0.059370 0.039062
0 0.107452 0.329688 0.048438 0.046875
0 0.036360 0.367187 0.034376 0.028125
0 0.173863 0.417969 0.040627 0.035938
0 0.943394 0.287500 0.032815 0.028125
0 0.531674 0.739844 0.046878 0.042188
0 0.519172 0.698437 0.040627 0.031250
0 0.441829 0.690625 0.035936 0.037500
0 0.387929 0.817187 0.034376 0.043750
0 0.228552 0.893750 0.040627 0.031250