0 0.314485 0.109375 0.031246 0.028125
0 0.294952 0.121875 0.032815 0.043750
0 0.437926 0.027344 0.031246 0.035938
0 0.412142 0.050781 0.039066 0.032812
0 0.403550 0.079687 0.046878 0.034375
0 0.062922 0.471805 0.040627 0.033835
0 0.092617 0.553906 0.040627 0.032812
0 0.107459 0.606250 0.039066 0.034375
0 0.682457 0.057031 0.035936 0.042188
0 0.599643 0.034375 0.026564 0.034375
0 0.645741 0.085156 0.034376 0.045312
0 0.897883 0.026455 0.023836 0.024785
0 0.905115 0.311719 0.049999 0.039062
0 0.191729 0.562030 0.030075 0.038847