0 0.098861 0.300781 0.031246 0.029688
0 0.195738 0.305469 0.040627 0.039062
0 0.326210 0.135156 0.042187 0.029688
0 0.346523 0.108594 0.029685 0.029688
0 0.275422 0.953125 0.049999 0.025000
0 0.300426 0.982031 0.037497 0.032812
0 0.330111 0.940625 0.034376 0.040625
0 0.410584 0.869531 0.035936 0.035937
0 0.367617 0.851562 0.028125 0.025000
0 0.265270 0.905469 0.045308 0.029688
0 0.049643 0.938281 0.045308 0.039063
0 0.024648 0.983594 0.035936 0.032812
0 0.000995 0.995313 0.001990 0.009374
0 0.366827 0.185937 0.045308 0.034375
0 0.563710 0.989975 0.051559 0.020050
0 0.472305 0.775000 0.034376 0.037500