0 0.186358 0.482813 0.028125 0.031250
0 0.216053 0.407031 0.025004 0.029688
0 0.191829 0.422656 0.026564 0.023437
0 0.051205 0.468750 0.029685 0.021875
0 0.073859 0.257812 0.031246 0.021875
0 0.108235 0.253125 0.037497 0.021875
0 0.116836 0.275000 0.039066 0.028125
0 0.174646 0.164062 0.023434 0.021875
0 0.180116 0.181250 0.034376 0.018750
0 0.124647 0.567969 0.035936 0.020312
0 0.437141 0.466406 0.023434 0.029688
0 0.484799 0.457031 0.025004 0.023437
0 0.438710 0.593750 0.023434 0.025000
0 0.376990 0.750000 0.025004 0.025000
0 0.351986 0.716406 0.025004 0.026563
0 0.530116 0.714062 0.021874 0.025000
0 0.573083 0.714062 0.023434 0.021875
0 0.619172 0.683594 0.025004 0.017188
0 0.635584 0.600781 0.023434 0.029688
0 0.315270 0.210937 0.029685 0.021875