0 0.548865 0.982812 0.040627 0.031250
0 0.571519 0.945312 0.029685 0.034375
0 0.527772 0.849219 0.029685 0.029688
0 0.524642 0.932031 0.026564 0.020312
0 0.635580 0.907031 0.039066 0.035937
0 0.690270 0.939844 0.045308 0.029688
0 0.701991 0.962500 0.043748 0.034375
0 0.664485 0.976562 0.031246 0.037500
0 0.666835 0.649219 0.026564 0.032812
0 0.624648 0.591406 0.032815 0.029688
0 0.674647 0.557812 0.023434 0.028125
0 0.724645 0.582031 0.029685 0.045312
0 0.673867 0.423437 0.031246 0.025000
0 0.659804 0.387500 0.028125 0.021875
0 0.605115 0.381250 0.025004 0.021875
0 0.601205 0.399219 0.026564 0.023437
0 0.552766 0.387500 0.026564 0.025000
0 0.167611 0.420313 0.028125 0.031250
0 0.155898 0.382813 0.032815 0.028125
0 0.944953 0.579687 0.029685 0.031250
0 0.414160 0.522556 0.021303 0.025063
0 0.928571 0.473058 0.017544 0.023810