0 0.215264 0.120312 0.042187 0.037500
0 0.893390 0.416406 0.039066 0.032812
0 0.809015 0.440625 0.039066 0.037500
0 0.414488 0.113281 0.025004 0.029688
0 0.397295 0.055469 0.034376 0.035938
0 0.873192 0.212318 0.020534 0.034011
0 0.034803 0.736529 0.034376 0.026942
0 0.012713 0.772656 0.025426 0.035937
0 0.285586 0.892188 0.048438 0.043750
0 0.481679 0.710156 0.034376 0.026562
0 0.487921 0.657812 0.037497 0.043750
0 0.712929 0.656250 0.049999 0.037500
0 0.846491 0.718045 0.026316 0.020050
0 0.855890 0.647870 0.027569 0.020050