0 0.016028 0.824075 0.032056 0.061369
0 0.063800 0.800800 0.050788 0.057131
0 0.063800 0.834656 0.059248 0.040206
0 0.071207 0.867456 0.052903 0.055019
0 0.144208 0.852644 0.038089 0.038088
0 0.226740 0.817731 0.046549 0.040206
0 0.267996 0.847356 0.052903 0.040206
0 0.300802 0.881213 0.046549 0.040206
0 0.310324 0.819844 0.048673 0.057131
0 0.389670 0.693937 0.033859 0.038087
0 0.445750 0.669606 0.027504 0.044438
0 0.476432 0.665375 0.029629 0.048669
0 0.509228 0.666431 0.035974 0.050788
0 0.499706 0.726737 0.033859 0.027506
0 0.499706 0.761656 0.029629 0.038088
0 0.480662 0.777525 0.046549 0.023275
0 0.484892 0.816669 0.033859 0.029625
0 0.451042 0.809262 0.042319 0.040206
0 0.526158 0.802919 0.035974 0.035975
0 0.550494 0.818788 0.033859 0.038088
0 0.519813 0.832544 0.027504 0.044437
0 0.453157 0.907663 0.042319 0.038088
0 0.603398 0.916125 0.029629 0.033856
0 0.588583 0.876981 0.016929 0.027506
0 0.616088 0.865338 0.033859 0.033856
0 0.656301 0.842063 0.038089 0.029625
0 0.677460 0.868513 0.029629 0.031744
0 0.654186 0.882269 0.042319 0.046556