0 0.138705 0.484375 0.029685 0.031250
0 0.104235 0.484181 0.020501 0.028513
0 0.126203 0.392969 0.032815 0.039062
0 0.032581 0.463033 0.020050 0.018797
0 0.342105 0.758772 0.020050 0.018797
0 0.321429 0.770677 0.018797 0.022556
0 0.335213 0.798872 0.018797 0.021303
0 0.282581 0.829574 0.018797 0.017544
0 0.528195 0.715539 0.018797 0.020050
0 0.348997 0.723684 0.021303 0.013784
0 0.355890 0.738095 0.020050 0.012531
0 0.600251 0.790100 0.020050 0.018797
0 0.711779 0.772556 0.025063 0.023810
0 0.741228 0.797619 0.026316 0.018797