0 0.798873 0.916498 0.044434 0.026653
0 0.564536 0.548192 0.026316 0.026422
0 0.670426 0.457393 0.015038 0.017544
0 0.608396 0.457393 0.016291 0.022556
0 0.656642 0.513158 0.022556 0.031328
0 0.332707 0.761905 0.018797 0.030075
0 0.585213 0.859649 0.017544 0.012531
0 0.570802 0.882206 0.023810 0.012531
0 0.625313 0.888471 0.015038 0.012531
0 0.813910 0.959900 0.021303 0.012531
0 0.483709 0.888471 0.015038 0.012531
0 0.496241 0.889098 0.015038 0.016291
0 0.450501 0.902256 0.021303 0.015038
0 0.436090 0.886591 0.012531 0.011278
0 0.375940 0.811404 0.015038 0.013784
0 0.744361 0.806391 0.012531 0.011278
0 0.739348 0.827694 0.015038 0.013784
0 0.750627 0.827694 0.015038 0.013784
0 0.572682 0.231203 0.012531 0.011278
0 0.575815 0.198622 0.011278 0.008772
0 0.533835 0.238095 0.015038 0.012531
0 0.515664 0.250627 0.018797 0.015038
0 0.507519 0.226817 0.012531 0.010025