0 0.458233 0.096875 0.034376 0.025000
0 0.452772 0.121875 0.029685 0.021875
0 0.477767 0.128125 0.035936 0.025000
0 0.514483 0.074219 0.034376 0.042188
0 0.597297 0.219531 0.025004 0.023438
0 0.542608 0.164844 0.034376 0.010938
0 0.664488 0.222656 0.040627 0.035938
0 0.933234 0.279687 0.028125 0.028125
0 0.873084 0.301563 0.026564 0.037500
0 0.961359 0.239844 0.031246 0.029688
0 0.990058 0.517969 0.019883 0.035938
0 0.855891 0.567187 0.039066 0.040625
0 0.865272 0.617969 0.035936 0.029688
0 0.784799 0.674219 0.037497 0.048438
0 0.749643 0.664063 0.032815 0.031250
0 0.635583 0.636719 0.035936 0.026562
0 0.591836 0.692187 0.035936 0.034375
0 0.581674 0.598437 0.037497 0.037500
0 0.541828 0.593750 0.042187 0.037500
0 0.550429 0.629687 0.040627 0.034375
0 0.547298 0.703125 0.031246 0.037500
0 0.433239 0.622656 0.021874 0.026562
0 0.379330 0.618750 0.032815 0.028125
0 0.384801 0.660937 0.040627 0.031250
0 0.350425 0.646094 0.037497 0.032812
0 0.458233 0.680469 0.037497 0.032812
0 0.355896 0.720312 0.048438 0.043750
0 0.329331 0.689844 0.029685 0.023438
0 0.301987 0.774219 0.034376 0.023437