0 0.091304 0.137156 0.055018 0.055019
0 0.366395 0.049370 0.067718 0.048615
0 0.635141 0.019908 0.063478 0.039816
0 0.587521 0.044050 0.065603 0.055019
0 0.935622 0.589566 0.055018 0.026250
0 0.883771 0.547675 0.044434 0.042319
0 0.832993 0.521225 0.035974 0.044437
0 0.806541 0.523337 0.038089 0.040206
0 0.786434 0.564600 0.044434 0.046556
0 0.761045 0.600575 0.052903 0.038088
0 0.730363 0.478900 0.021159 0.040206
0 0.712372 0.479962 0.035974 0.046556
0 0.692275 0.972603 0.033859 0.030419
0 0.752576 0.985445 0.052903 0.029109
0 0.750461 0.941262 0.031744 0.038088
0 0.822408 0.974063 0.035974 0.035975
0 0.868957 0.973000 0.035974 0.042319
0 0.930330 0.971944 0.035974 0.035975
0 0.981563 0.975119 0.036874 0.038088
0 0.907895 0.644110 0.026316 0.020050
0 0.956767 0.612155 0.028822 0.026316
0 0.931704 0.572055 0.028822 0.021303
0 0.684837 0.585840 0.028822 0.028822
0 0.861529 0.671679 0.026316 0.025063