0 0.160579 0.402087 0.042187 0.035424
0 0.187143 0.336719 0.039066 0.054688
0 0.113710 0.300781 0.042187 0.045312
0 0.197305 0.223580 0.040627 0.031536
0 0.301203 0.425000 0.042187 0.040625
0 0.360583 0.410156 0.029685 0.029688
0 0.346520 0.335156 0.026564 0.039063
0 0.788706 0.387500 0.032815 0.037500
0 0.734016 0.528906 0.039066 0.026563
0 0.765271 0.558594 0.026564 0.045312
0 0.824642 0.553906 0.026564 0.039063
0 0.815270 0.490625 0.029685 0.034375
0 0.955514 0.429825 0.013784 0.015038
0 0.940476 0.425439 0.013784 0.013784
0 0.933584 0.409774 0.015038 0.020050
0 0.196742 0.381579 0.027569 0.021303
0 0.132832 0.369048 0.030075 0.031328