0 0.559019 0.975000 0.023434 0.025000
0 0.478545 0.992187 0.028125 0.015625
0 0.477765 0.963281 0.023434 0.023437
0 0.827765 0.986719 0.032815 0.026562
0 0.948865 0.762500 0.025004 0.021875
0 0.933242 0.777344 0.034376 0.026563
0 0.784797 0.729688 0.040627 0.040625
0 0.755892 0.772656 0.029685 0.032812
0 0.765264 0.695312 0.035936 0.034375
0 0.778546 0.670312 0.025004 0.028125
0 0.711365 0.651562 0.037497 0.031250
0 0.698863 0.696094 0.025004 0.020312
0 0.660586 0.560156 0.035936 0.029688
0 0.674648 0.521875 0.032815 0.034375
0 0.627770 0.440625 0.029685 0.034375
0 0.568391 0.428125 0.020313 0.015625
0 0.507460 0.638281 0.020313 0.026563
0 0.266829 0.825781 0.026564 0.026563
0 0.160581 0.446875 0.042187 0.031250
0 0.832455 0.203125 0.035936 0.031250
0 0.641833 0.025781 0.026564 0.032812
0 0.608237 0.032031 0.040627 0.039063
0 0.254327 0.111719 0.035936 0.032812
0 0.551207 0.214062 0.029685 0.043750
0 0.610578 0.133594 0.029685 0.032812
0 0.629331 0.074219 0.032815 0.026563
0 0.457452 0.264063 0.029685 0.031250
0 0.744171 0.231250 0.025004 0.025000
0 0.779327 0.264062 0.020313 0.021875
0 0.910579 0.071094 0.026564 0.029688
0 0.977770 0.046094 0.020313 0.026563
0 0.997867 0.040625 0.004266 0.025000
0 0.948085 0.563281 0.042187 0.035937
0 0.058234 0.782812 0.034376 0.025000
0 0.262928 0.391406 0.034376 0.035937