0 0.683235 0.855469 0.049999 0.042188
0 0.740265 0.872656 0.048438 0.048437
0 0.801986 0.817187 0.037497 0.034375
0 0.825429 0.798438 0.037497 0.021875
0 0.912144 0.822656 0.039066 0.026563
0 0.980681 0.908594 0.038637 0.045312
0 0.434837 0.035714 0.022556 0.016291
0 0.339599 0.032581 0.025063 0.017544
0 0.281955 0.023183 0.025063 0.021303
0 0.179825 0.775689 0.021303 0.015038
0 0.289474 0.775063 0.020050 0.016291
0 0.195489 0.723058 0.017544 0.020050
0 0.214912 0.723058 0.013784 0.017544
0 0.235589 0.734336 0.015038 0.015038