0 0.557461 0.696875 0.045308 0.046875
0 0.526986 0.579688 0.043748 0.034375
0 0.548860 0.630469 0.043748 0.035938
0 0.476987 0.632031 0.043748 0.042188
0 0.183237 0.599219 0.046878 0.035938
0 0.468396 0.530469 0.032815 0.029688
0 0.453553 0.507031 0.025004 0.020312
0 0.432459 0.446875 0.026564 0.034375
0 0.565272 0.377344 0.029685 0.042188
0 0.663709 0.397656 0.042187 0.048438
0 0.378550 0.432031 0.034376 0.032812
0 0.306678 0.360937 0.034376 0.037500
0 0.112145 0.370312 0.042187 0.046875
0 0.151992 0.483594 0.043748 0.039062
0 0.321521 0.453125 0.026564 0.037500
0 0.380891 0.528125 0.029685 0.043750
0 0.032452 0.420312 0.051559 0.040625
0 0.933235 0.917969 0.059370 0.035938
0 0.934795 0.778125 0.046878 0.043750
0 0.811364 0.471875 0.049999 0.043750
0 0.798862 0.567969 0.040627 0.032812
0 0.794171 0.687500 0.037497 0.034375
0 0.043860 0.516291 0.035088 0.027569
0 0.154762 0.654762 0.033835 0.031328
0 0.322682 0.595238 0.031328 0.030075