0 0.583169 0.985944 0.031678 0.027356
0 0.360718 0.978025 0.038878 0.028794
0 0.319677 0.916831 0.040317 0.033119
0 0.285123 0.837644 0.040317 0.033119
0 0.238330 0.962188 0.027354 0.025919
0 0.104427 0.965069 0.041755 0.037437
0 0.177860 0.913950 0.030240 0.035994
0 0.174259 0.871475 0.025916 0.025919
0 0.150506 0.734694 0.024478 0.023038
0 0.233291 0.732531 0.025916 0.021600
0 0.277923 0.720294 0.028792 0.020156
0 0.866099 0.987572 0.035993 0.024856
0 0.910731 0.761331 0.024478 0.030237
0 0.809220 0.825406 0.028792 0.034556
0 0.868976 0.860681 0.024478 0.021600
0 0.846660 0.853481 0.034554 0.021600
0 0.842336 0.759169 0.034554 0.023038
0 0.732187 0.733975 0.027354 0.033119
0 0.618447 0.831881 0.024478 0.027356
0 0.640039 0.412894 0.024478 0.033119
0 0.254169 0.333700 0.030240 0.027356
0 0.285123 0.294106 0.025916 0.028794
0 0.348479 0.194756 0.028792 0.025919
0 0.378709 0.260269 0.031678 0.030237
0 0.566615 0.160925 0.035993 0.038875
0 0.947447 0.245150 0.037431 0.034556
0 0.855299 0.214194 0.040317 0.027356
0 0.855299 0.148687 0.046079 0.034556
0 0.796981 0.063013 0.027354 0.030237
0 0.770351 0.109806 0.034554 0.025919
0 0.758112 0.152281 0.024478 0.030237
0 0.742273 0.122769 0.038878 0.023038
0 0.730034 0.111969 0.031678 0.024475
0 0.967601 0.487762 0.028792 0.027356
0 0.924408 0.492806 0.034554 0.028794
0 0.650839 0.458969 0.043193 0.030237
0 0.660916 0.440969 0.037431 0.037437
0 0.712757 0.390575 0.046079 0.040313
0 0.395996 0.383375 0.031678 0.025919
0 0.452866 0.301306 0.035993 0.017275
0 0.442789 0.263869 0.018715 0.023038
0 0.425512 0.280431 0.021601 0.018719
0 0.486697 0.207000 0.031678 0.027356
0 0.537814 0.204119 0.035993 0.030237
0 0.629248 0.178919 0.028792 0.025919
0 0.644363 0.165244 0.030240 0.024475
0 0.606923 0.144362 0.012963 0.020156
0 0.608370 0.156606 0.018715 0.030237
0 0.555091 0.122769 0.027354 0.034556
0 0.496059 0.410012 0.024478 0.021600
0 0.426226 0.448169 0.037431 0.025919
0 0.981278 0.156606 0.035993 0.027356
0 0.939523 0.157325 0.035993 0.037437
0 0.966162 0.108369 0.034554 0.028794
0 0.851699 0.692219 0.033116 0.027356
0 0.714910 0.021069 0.030240 0.042138
0 0.853861 0.528800 0.034554 0.034556