0 0.571520 0.100000 0.042187 0.040625
0 0.506679 0.036719 0.040627 0.042188
0 0.846517 0.156250 0.029685 0.025000
0 0.860579 0.139062 0.023434 0.018750
0 0.949644 0.118750 0.035936 0.028125
0 0.988495 0.183594 0.023010 0.023438
0 0.212929 0.300000 0.037497 0.028125
0 0.198077 0.251563 0.042187 0.025000
0 0.127765 0.296094 0.042187 0.035938
0 0.082457 0.263281 0.023434 0.026562
0 0.131675 0.360937 0.034376 0.034375
0 0.290272 0.593750 0.035936 0.034375
0 0.334800 0.536719 0.037497 0.042188
0 0.192615 0.595312 0.037497 0.034375
0 0.756672 0.863281 0.040627 0.029688
0 0.831674 0.903906 0.034376 0.029688
0 0.830114 0.863281 0.034376 0.035937