0 0.191347 0.186719 0.043750 0.045312
0 0.402283 0.319531 0.037502 0.042188
0 0.527285 0.296875 0.034378 0.043750
0 0.514006 0.368750 0.035936 0.031250
0 0.550725 0.432813 0.031247 0.040625
0 0.804628 0.448437 0.032812 0.034375
0 0.814782 0.490625 0.031247 0.037500
0 0.810875 0.564062 0.035936 0.043750
0 0.010515 0.735156 0.021030 0.029688
0 0.042130 0.755469 0.026565 0.029688
0 0.085880 0.721875 0.023441 0.025000
0 0.341348 0.989844 0.037502 0.020312
0 0.275723 0.947656 0.031247 0.042188
0 0.173379 0.838281 0.035936 0.029688
0 0.591275 0.980469 0.027977 0.035937
0 0.578848 0.948437 0.037502 0.028125