0 0.879155 0.928694 0.057133 0.042319
0 0.326867 0.956200 0.057133 0.046556
0 0.590311 0.957263 0.055018 0.044437
0 0.561745 0.926575 0.057133 0.042319
0 0.534240 0.955144 0.065603 0.044437
0 0.687648 0.854631 0.067718 0.055019
0 0.257034 0.923406 0.052903 0.065600
0 0.193556 0.869444 0.035974 0.063481
0 0.080343 0.960437 0.050788 0.038088
0 0.904544 0.404969 0.044434 0.052900
0 0.877040 0.321381 0.027504 0.046556
0 0.850588 0.324556 0.033859 0.048669
0 0.669825 0.364762 0.036291 0.044437
0 0.646681 0.312919 0.022686 0.042319
0 0.647870 0.352130 0.032581 0.030075
0 0.105263 0.896617 0.027569 0.023810
0 0.911028 0.465539 0.027569 0.021303
0 0.901003 0.379073 0.025063 0.026316