0 0.047299 0.143750 0.028125 0.031250
0 0.148866 0.178906 0.028125 0.029688
0 0.115271 0.132031 0.029685 0.035938
0 0.194955 0.069531 0.029685 0.032812
0 0.394958 0.258594 0.029685 0.032812
0 0.315265 0.853125 0.045308 0.031250
0 0.344180 0.906250 0.037497 0.028125
0 0.279329 0.809375 0.039066 0.034375
0 0.336359 0.755469 0.031246 0.029688
0 0.326207 0.729688 0.032815 0.028125
0 0.291831 0.750781 0.032815 0.023438
0 0.171520 0.691406 0.023434 0.032812
0 0.594953 0.988281 0.035936 0.023437
0 0.722304 0.969531 0.043748 0.045312
0 0.708242 0.911719 0.037497 0.029688
0 0.684018 0.910156 0.032815 0.029688
0 0.577770 0.926563 0.039066 0.028125
0 0.606675 0.959375 0.046878 0.037500
0 0.494956 0.832812 0.048438 0.028125
0 0.501207 0.782031 0.039066 0.042188
0 0.446517 0.724219 0.042187 0.042188
0 0.457459 0.664844 0.029685 0.032812
0 0.484023 0.630469 0.035936 0.035938
0 0.508238 0.667188 0.040627 0.037500
0 0.857457 0.950781 0.042187 0.048438
0 0.625428 0.340625 0.025004 0.031250
0 0.990054 0.265625 0.019892 0.040625
0 0.958235 0.366406 0.046878 0.045312
0 0.983803 0.471094 0.032394 0.035938
0 0.986931 0.540625 0.026138 0.018750
0 0.986148 0.571094 0.027703 0.035938
0 0.916047 0.556250 0.046878 0.037500
0 0.848085 0.593750 0.039066 0.043750
0 0.890273 0.701563 0.039066 0.043750
0 0.795737 0.848437 0.031246 0.043750