0 0.237926 0.695313 0.062501 0.056250
0 0.316830 0.711719 0.067191 0.042187
0 0.302768 0.671875 0.057810 0.053125
0 0.356677 0.627344 0.046878 0.051563
0 0.408236 0.632813 0.062501 0.062500
0 0.529336 0.578906 0.060940 0.064063
0 0.472297 0.592969 0.040627 0.048438
0 0.501991 0.659375 0.056250 0.065625
0 0.684022 0.675000 0.045308 0.062500
0 0.376990 0.848437 0.034376 0.034375
0 0.391052 0.794531 0.037497 0.045312
0 0.458234 0.787500 0.043748 0.040625
0 0.496520 0.821875 0.026564 0.043750
0 0.453553 0.821875 0.056250 0.040625
0 0.958239 0.577344 0.049999 0.060937
0 0.962140 0.521094 0.045308 0.048438
0 0.987713 0.557031 0.024573 0.064063