0 0.501985 0.969531 0.028125 0.042188
0 0.777772 0.950000 0.026564 0.037500
0 0.891832 0.942187 0.039066 0.034375
0 0.923077 0.898437 0.026564 0.037500
0 0.979327 0.878125 0.039066 0.028125
0 0.985368 0.745312 0.029264 0.034375
0 0.987711 0.803906 0.024578 0.035937
0 0.923867 0.823438 0.031246 0.021875
0 0.781673 0.839062 0.037497 0.031250
0 0.753548 0.832812 0.025004 0.021875
0 0.761360 0.857031 0.021874 0.026563
0 0.777772 0.647656 0.029685 0.039063
0 0.848084 0.710938 0.026564 0.034375
0 0.930898 0.746875 0.029685 0.034375
0 0.891051 0.792969 0.015623 0.023437
0 0.863707 0.780469 0.026564 0.026563
0 0.148085 0.580469 0.039066 0.029688
0 0.383235 0.535156 0.034376 0.026563
0 0.486363 0.434375 0.031246 0.031250
0 0.511367 0.453125 0.056250 0.034375
0 0.417611 0.447656 0.040627 0.032812
0 0.596521 0.461719 0.051559 0.039063
0 0.640269 0.533594 0.042187 0.035937
0 0.753548 0.560156 0.043748 0.035937
0 0.778552 0.530469 0.040627 0.051563
0 0.889491 0.623437 0.031246 0.034375
0 0.962144 0.653906 0.039066 0.026563
0 0.945741 0.612500 0.031246 0.031250
0 0.934799 0.587500 0.034376 0.028125
0 0.990058 0.547656 0.019884 0.039063
0 0.987713 0.463281 0.024574 0.026563
0 0.757459 0.440625 0.054689 0.037500
0 0.716832 0.331250 0.042187 0.046875
0 0.757459 0.329687 0.054689 0.056250
0 0.816049 0.018750 0.056250 0.037500
0 0.870738 0.106250 0.049999 0.037500
0 0.779332 0.072656 0.045308 0.035937
0 0.976986 0.196094 0.034376 0.032812
0 0.353550 0.214844 0.031246 0.042188
0 0.147305 0.300000 0.028125 0.037500