0 0.270740 0.880469 0.031246 0.048437
0 0.315267 0.321875 0.042187 0.040625
0 0.394171 0.203906 0.043748 0.042188
0 0.209799 0.069531 0.034376 0.051563
0 0.380109 0.015625 0.031246 0.031250
0 0.302765 0.112500 0.039066 0.040625
0 0.448860 0.089062 0.034376 0.034375
0 0.466833 0.054688 0.039066 0.046875
0 0.559799 0.978906 0.046878 0.023437
0 0.759803 0.978125 0.040627 0.043750
0 0.734799 0.992187 0.037497 0.015625
0 0.691051 0.761719 0.043748 0.039063
0 0.908238 0.591406 0.025004 0.023437
0 0.864491 0.638281 0.031246 0.039063
0 0.705114 0.525781 0.037497 0.039063
0 0.823084 0.439844 0.032815 0.029688
0 0.851208 0.414063 0.023434 0.034375
0 0.827794 0.359806 0.026515 0.030388
0 0.929332 0.430469 0.032815 0.029688
0 0.951206 0.192187 0.032815 0.025000
0 0.949645 0.257491 0.032815 0.028767
0 0.879455 0.237310 0.033069 0.028505
0 0.816833 0.269531 0.035936 0.029688
0 0.719176 0.239063 0.021874 0.040625
0 0.689491 0.176562 0.025004 0.040625
0 0.644173 0.155469 0.031246 0.029688
0 0.752772 0.124219 0.029685 0.023437
0 0.773810 0.160937 0.028822 0.034375
0 0.733238 0.185937 0.031246 0.031250
0 0.801990 0.124219 0.031246 0.029688
0 0.809801 0.116406 0.053129 0.042188
0 0.840852 0.209273 0.027569 0.015038
0 0.773810 0.651629 0.026316 0.027569