0 0.258239 0.732813 0.043748 0.034375
0 0.972301 0.746875 0.037497 0.037500
0 0.911360 0.683594 0.021874 0.020312
0 0.849640 0.778906 0.032815 0.032812
0 0.693393 0.681250 0.035936 0.034375
0 0.882455 0.720313 0.032815 0.034375
0 0.841829 0.724219 0.020313 0.029688
0 0.351205 0.966406 0.039066 0.035938
0 0.150421 0.992969 0.043748 0.014062
0 0.119956 0.964844 0.035936 0.039062
0 0.057455 0.925781 0.048438 0.048438
0 0.028550 0.864062 0.037497 0.037500
0 0.008804 0.967188 0.017608 0.053125
0 0.251880 0.913534 0.020050 0.022556