0 0.048855 0.156250 0.037560 0.040625
0 0.117637 0.217187 0.053127 0.037500
0 0.137163 0.258594 0.060940 0.045312
0 0.052791 0.299571 0.035937 0.035233
0 0.205915 0.217188 0.039065 0.043750
0 0.243416 0.224219 0.048435 0.048438
0 0.254350 0.191406 0.032816 0.045312
0 0.319975 0.228906 0.035937 0.035938
0 0.412945 0.232812 0.040622 0.050000
0 0.371537 0.241406 0.035937 0.032812
0 0.363731 0.279687 0.048435 0.037500
0 0.332480 0.292969 0.032816 0.039062
0 0.295757 0.334375 0.031252 0.034375
0 0.466850 0.305469 0.042186 0.054688
0 0.539509 0.315625 0.053127 0.037500
0 0.505915 0.340625 0.029688 0.037500
0 0.432477 0.357031 0.042186 0.039062
0 0.191075 0.325781 0.034373 0.029688
0 0.189511 0.259375 0.028124 0.028125
0 0.262163 0.632031 0.042186 0.039062
0 0.364510 0.710938 0.034373 0.037500
0 0.394976 0.703125 0.032816 0.046875
0 0.318418 0.675781 0.029688 0.042188
0 0.491853 0.795312 0.042186 0.043750
0 0.494195 0.745312 0.043750 0.046875
0 0.546543 0.773438 0.045314 0.050000
0 0.587944 0.771875 0.040622 0.037500
0 0.598106 0.810156 0.039065 0.032812
0 0.565290 0.810937 0.029688 0.028125
0 0.616074 0.877344 0.046878 0.045312
0 0.704353 0.964844 0.039065 0.045312
0 0.694976 0.890625 0.035937 0.037500
0 0.741075 0.841406 0.043750 0.035937
0 0.677007 0.800781 0.040622 0.039063
0 0.933444 0.928906 0.037875 0.045312
0 0.326441 0.731203 0.026316 0.028822
0 0.320175 0.844612 0.026316 0.035088
0 0.477444 0.842105 0.032581 0.022556