0 0.102769 0.582813 0.048438 0.046875
0 0.119952 0.471094 0.032815 0.045312
0 0.112141 0.657031 0.032815 0.039062
0 0.294952 0.618750 0.045308 0.031250
0 0.272298 0.582813 0.040627 0.025000
0 0.292611 0.667188 0.037497 0.037500
0 0.415272 0.667188 0.032815 0.025000
0 0.435585 0.732031 0.051559 0.039062
0 0.380116 0.835156 0.040627 0.035938
0 0.457459 0.767969 0.032815 0.026562
0 0.369954 0.885938 0.042187 0.025000
0 0.207457 0.905469 0.039066 0.032812
0 0.118392 0.910938 0.029685 0.025000
0 0.338709 0.987500 0.035936 0.025000
0 0.520573 0.988722 0.034042 0.022556
0 0.537143 0.882812 0.026564 0.034375
0 0.971517 0.618750 0.035936 0.028125
0 0.916828 0.603906 0.026564 0.029688
0 0.912927 0.667188 0.034376 0.028125
0 0.862928 0.657031 0.028125 0.020312
0 0.920738 0.759375 0.031246 0.031250
0 0.853547 0.717969 0.028125 0.023438
0 0.757460 0.901563 0.026564 0.028125
0 0.535088 0.976817 0.025063 0.023810
0 0.548872 0.749373 0.025063 0.030075