0 0.153550 0.157812 0.046878 0.037500
0 0.158240 0.068750 0.025004 0.034375
0 0.175424 0.096875 0.031246 0.037500
0 0.696522 0.019531 0.032815 0.026562
0 0.037140 0.243750 0.029685 0.031250
0 0.008806 0.278906 0.017612 0.032812
0 0.642613 0.350781 0.034376 0.039062
0 0.673078 0.390625 0.020313 0.025000
0 0.690271 0.405469 0.029685 0.039062
0 0.326989 0.864844 0.034376 0.039062
0 0.294954 0.839063 0.039066 0.037500
0 0.282452 0.822656 0.039066 0.039062
0 0.332460 0.926562 0.035936 0.037500
0 0.373867 0.803906 0.028125 0.035938