0 0.063703 0.222656 0.039066 0.051563
0 0.085577 0.297656 0.035936 0.045312
0 0.945733 0.929687 0.028125 0.018750
0 0.951984 0.885937 0.028125 0.028125
0 0.972298 0.888281 0.031246 0.026563
0 0.786366 0.643750 0.043748 0.040625
0 0.941832 0.464063 0.045308 0.031250
0 0.835584 0.466406 0.029685 0.029688
0 0.790267 0.439844 0.032815 0.035937
0 0.823082 0.326562 0.032815 0.040625
0 0.167611 0.378906 0.034376 0.048437
0 0.206677 0.395313 0.034376 0.043750
0 0.202767 0.337500 0.042187 0.025000
0 0.195736 0.301563 0.043748 0.037500
0 0.133235 0.234375 0.046878 0.046875
0 0.407452 0.032031 0.023434 0.029688
0 0.843396 0.102344 0.048438 0.035937
0 0.801989 0.060938 0.040627 0.028125
0 0.742609 0.041406 0.018753 0.020312
0 0.973858 0.172656 0.031246 0.026563