0 0.320738 0.218750 0.056250 0.046875
0 0.210580 0.169531 0.032815 0.032812
0 0.502769 0.372656 0.035936 0.029688
0 0.548077 0.278906 0.045308 0.026562
0 0.536365 0.410156 0.040627 0.032812
0 0.499648 0.949219 0.039066 0.051562
0 0.449640 0.967969 0.035936 0.045312
0 0.421516 0.898437 0.039066 0.034375
0 0.430897 0.803906 0.026564 0.032812
0 0.306676 0.825781 0.034376 0.029688
0 0.722297 0.123437 0.040627 0.034375
0 0.675428 0.190625 0.031246 0.028125
0 0.855109 0.295313 0.025004 0.031250
0 0.873082 0.235156 0.032815 0.029688
0 0.874643 0.207031 0.039066 0.032812
0 0.888705 0.150781 0.032815 0.032812
0 0.774645 0.090625 0.029685 0.025000
0 0.899647 0.764844 0.029685 0.023438
0 0.390270 0.442969 0.026564 0.039062