0 0.015058 0.182812 0.030116 0.050000
0 0.769957 0.947656 0.045308 0.032812
0 0.812144 0.950000 0.032815 0.028125
0 0.751204 0.914062 0.039066 0.034375
0 0.867614 0.912500 0.049999 0.037500
0 0.287145 0.759375 0.045308 0.034375
0 0.401204 0.572656 0.048438 0.029688
0 0.384021 0.610937 0.042187 0.037500
0 0.945737 0.429687 0.043748 0.043750
0 0.959799 0.390625 0.043748 0.043750
0 0.980685 0.351562 0.038630 0.043750
0 0.733241 0.407031 0.034376 0.032812
0 0.066828 0.652344 0.039066 0.039062
0 0.188708 0.503906 0.039066 0.039062
0 0.338704 0.496875 0.039066 0.028125
0 0.304328 0.450000 0.048438 0.025000
0 0.286365 0.414062 0.034376 0.018750
0 0.250428 0.454687 0.037497 0.031250
0 0.187148 0.415625 0.051559 0.031250
0 0.174646 0.386719 0.039066 0.029688
0 0.204331 0.378125 0.042187 0.037500
0 0.186358 0.359375 0.046878 0.031250
0 0.437141 0.246094 0.042187 0.042188
0 0.304328 0.064844 0.035936 0.026562
0 0.159803 0.045312 0.040627 0.031250
0 0.165264 0.075781 0.048438 0.035938
0 0.090271 0.089844 0.042187 0.035938
0 0.965539 0.896617 0.038847 0.031328
0 0.280702 0.741855 0.035088 0.027569