0 0.379433 0.960381 0.027354 0.035994
0 0.329764 0.971900 0.037431 0.030237
0 0.574530 0.912862 0.028792 0.030237
0 0.660202 0.957500 0.027354 0.030237
0 0.784742 0.870387 0.034554 0.028794
0 0.655878 0.794081 0.030240 0.025919
0 0.577407 0.781844 0.034554 0.027356
0 0.961848 0.855275 0.025916 0.030237
0 0.902092 0.698331 0.038878 0.030237
0 0.842336 0.326137 0.034554 0.034556
0 0.799143 0.263506 0.025916 0.030237
0 0.796267 0.172794 0.034554 0.033119
0 0.951762 0.141837 0.034554 0.034556
0 0.693318 0.464356 0.030240 0.031675
0 0.814982 0.732169 0.037431 0.031675
0 0.962562 0.014413 0.030240 0.027356