0 0.024529 0.969325 0.047686 0.055019
0 0.160237 0.938144 0.033013 0.040344
0 0.191417 0.985577 0.033013 0.028846
0 0.267528 0.988722 0.049519 0.022556
0 0.679239 0.479662 0.044011 0.044012
0 0.807615 0.472331 0.036679 0.036681
0 0.869053 0.372381 0.049519 0.038513
0 0.572869 0.438400 0.036679 0.045850
0 0.458254 0.405394 0.042178 0.042181
0 0.780101 0.896881 0.040345 0.045850
0 0.783208 0.710526 0.030075 0.032581
0 0.846491 0.644737 0.023810 0.026316
0 0.245614 0.681704 0.030075 0.022556
0 0.367168 0.803885 0.030075 0.046366
0 0.260652 0.893484 0.027569 0.035088
0 0.535088 0.929198 0.035088 0.021303
0 0.481830 0.942356 0.023810 0.022556