0 0.397299 0.392969 0.043748 0.054688
0 0.314485 0.909375 0.031246 0.028125
0 0.294952 0.921875 0.032815 0.043750
0 0.437926 0.827344 0.031246 0.035938
0 0.412142 0.850781 0.039066 0.032812
0 0.403550 0.879687 0.046878 0.034375
0 0.523080 0.398437 0.042187 0.037500
0 0.529331 0.450000 0.042187 0.043750
0 0.573859 0.508594 0.034376 0.039062
0 0.557456 0.538281 0.042187 0.035938
0 0.516049 0.521094 0.021874 0.035938
0 0.682457 0.857031 0.035936 0.042188
0 0.599643 0.834375 0.026564 0.034375
0 0.645741 0.885156 0.034376 0.045312
0 0.893393 0.829337 0.032815 0.030549
0 0.397243 0.904135 0.040100 0.021303
0 0.538847 0.960526 0.027569 0.036341