0 0.809267 0.326719 0.041811 0.046213
0 0.571597 0.433450 0.041811 0.048413
0 0.545183 0.407044 0.033013 0.035213
0 0.446154 0.341019 0.050619 0.048413
0 0.408742 0.280500 0.037412 0.050619
0 0.363622 0.347625 0.052819 0.052819
0 0.277800 0.440050 0.039612 0.039612
0 0.322911 0.478562 0.059417 0.055019
0 0.077533 0.490669 0.048419 0.039612
0 0.054428 0.437850 0.055018 0.052819
0 0.215084 0.310213 0.033013 0.035213
0 0.283299 0.247494 0.037412 0.050619
0 0.162265 0.258494 0.037412 0.037413
0 0.147958 0.293706 0.044011 0.037413
0 0.113846 0.252994 0.046210 0.039612
0 0.789461 0.457656 0.050619 0.044012
0 0.055764 0.384085 0.031328 0.018797