0 0.499648 0.149219 0.039066 0.051562
0 0.449640 0.167969 0.035936 0.045312
0 0.421516 0.098437 0.039066 0.034375
0 0.430897 0.010156 0.026564 0.020312
0 0.306676 0.025781 0.034376 0.029688
0 0.516832 0.221875 0.042187 0.043750
0 0.284022 0.710156 0.035936 0.032812
0 0.301985 0.634375 0.034376 0.034375
0 0.419175 0.726562 0.034376 0.028125
0 0.559799 0.660156 0.028125 0.029688
0 0.628551 0.566406 0.037497 0.051562
0 0.576992 0.711719 0.025004 0.029687
0 0.573861 0.755469 0.034376 0.039063
0 0.781677 0.482812 0.037497 0.037500
0 0.661366 0.511719 0.037497 0.039062
0 0.741830 0.643750 0.054689 0.031250