0 0.170426 0.965648 0.060150 0.044078
0 0.035620 0.855431 0.071239 0.065600
0 0.897243 0.639098 0.025063 0.027569
0 0.804511 0.597118 0.022556 0.016291
0 0.801378 0.615288 0.016291 0.017544
0 0.570175 0.553885 0.020050 0.020050
0 0.601504 0.466792 0.017544 0.016291
0 0.608396 0.362155 0.021303 0.022556
0 0.958647 0.944236 0.020050 0.018797
0 0.949248 0.931704 0.021303 0.018797
0 0.933584 0.938596 0.020050 0.020050
0 0.808897 0.958647 0.013784 0.012531
0 0.795113 0.971805 0.028822 0.018797
0 0.860902 0.963659 0.015038 0.017544
0 0.693609 0.954261 0.026316 0.018797
0 0.624687 0.031955 0.018797 0.016291
0 0.696742 0.159774 0.020050 0.018797
0 0.741855 0.438596 0.022556 0.020050
0 0.741855 0.392857 0.017544 0.018797
0 0.964286 0.670426 0.018797 0.022556
0 0.961153 0.831454 0.022556 0.018797
0 0.171679 0.932331 0.027569 0.035088