0 0.467611 0.408594 0.034376 0.045312
0 0.512148 0.408594 0.026564 0.026563
0 0.519960 0.435156 0.051559 0.035937
0 0.578550 0.540625 0.053129 0.037500
0 0.570738 0.506250 0.043748 0.034375
0 0.809019 0.603906 0.042187 0.045312
0 0.773083 0.572656 0.032815 0.042188
0 0.739487 0.575000 0.037497 0.031250
0 0.731676 0.542187 0.025004 0.040625
0 0.748079 0.539062 0.039066 0.043750
0 0.881672 0.458594 0.040627 0.023437
0 0.910577 0.498437 0.035936 0.031250
0 0.873860 0.476563 0.043748 0.028125
0 0.876210 0.519531 0.032815 0.029688
0 0.923859 0.118750 0.031246 0.040625
0 0.862148 0.238281 0.026564 0.039063
0 0.778554 0.228125 0.046878 0.031250