0 0.019754 0.051562 0.039507 0.040625
0 0.237167 0.062238 0.045314 0.044275
0 0.213728 0.109375 0.042186 0.040625
0 0.101226 0.158594 0.045314 0.042188
0 0.228575 0.839062 0.028124 0.043750
0 0.355918 0.824219 0.035937 0.045312
0 0.328573 0.857031 0.040622 0.039063
0 0.316075 0.195312 0.049999 0.043750
0 0.365864 0.070058 0.040202 0.047384
0 0.466856 0.108594 0.048435 0.048438
0 0.566854 0.115625 0.035937 0.034375
0 0.699667 0.142187 0.039065 0.037500
0 0.613731 0.160937 0.051563 0.040625
0 0.694975 0.177344 0.051563 0.045312
0 0.658260 0.241406 0.037501 0.039062
0 0.701231 0.308594 0.042186 0.048438
0 0.756700 0.229687 0.040622 0.034375
0 0.841072 0.156250 0.053127 0.040625
0 0.917637 0.217187 0.053127 0.037500
0 0.937163 0.258594 0.060940 0.045312
0 0.852791 0.299219 0.035937 0.035938
0 0.986944 0.325781 0.026112 0.029688
0 0.987724 0.259375 0.024551 0.028125
0 0.475448 0.814062 0.043750 0.040625
0 0.423885 0.836719 0.037501 0.042188
0 0.535602 0.939844 0.032816 0.032812
0 0.499665 0.903125 0.032816 0.028125
0 0.722320 0.953906 0.049999 0.035937
0 0.770762 0.947656 0.031252 0.032812
0 0.617168 0.503759 0.031328 0.027569
0 0.562030 0.501253 0.036341 0.032581