0 0.160577 0.039844 0.042187 0.045312
0 0.602772 0.042187 0.029685 0.028125
0 0.469179 0.071875 0.025004 0.031250
0 0.531671 0.146094 0.028125 0.035938
0 0.641829 0.086719 0.039066 0.029688
0 0.638708 0.065625 0.035936 0.025000
0 0.681676 0.139844 0.031246 0.026562
0 0.162927 0.116406 0.034376 0.029688
0 0.191052 0.277344 0.043748 0.039062
0 0.317614 0.264844 0.031246 0.029688
0 0.323085 0.239844 0.035936 0.017188
0 0.310583 0.211719 0.035936 0.023438
0 0.317614 0.196875 0.031246 0.025000
0 0.278547 0.157031 0.031246 0.029688
0 0.010369 0.699219 0.020738 0.026562
0 0.010372 0.743750 0.020743 0.028125
0 0.094956 0.569531 0.026564 0.023438
0 0.118390 0.591406 0.039066 0.032812
0 0.171519 0.619531 0.032815 0.029688
0 0.159017 0.657031 0.042187 0.029688
0 0.727773 0.382031 0.039066 0.042188
0 0.822300 0.281250 0.028125 0.028125
0 0.762929 0.303906 0.031246 0.032812
0 0.865267 0.337500 0.029685 0.025000
0 0.573078 0.417187 0.035936 0.034375
0 0.537141 0.406250 0.045308 0.028125
0 0.404329 0.432031 0.029685 0.029688
0 0.412920 0.498437 0.031246 0.021875
0 0.422302 0.516406 0.037497 0.029688
0 0.414490 0.543750 0.037497 0.028125
0 0.474641 0.460937 0.026564 0.025000
0 0.528550 0.503125 0.028125 0.031250
0 0.462148 0.592969 0.039066 0.029688
0 0.243391 0.992187 0.032815 0.015625
0 0.117610 0.972656 0.037497 0.029688
0 0.108238 0.952344 0.037497 0.026563
0 0.094956 0.858594 0.032815 0.032812
0 0.131672 0.791406 0.037497 0.035937
0 0.180111 0.869531 0.040627 0.035937
0 0.283238 0.907812 0.031246 0.037500
0 0.281678 0.953125 0.028125 0.034375
0 0.219177 0.672656 0.025004 0.032812
0 0.244172 0.721875 0.034376 0.034375
0 0.299641 0.753906 0.035936 0.042188
0 0.341828 0.687500 0.023434 0.034375
0 0.378554 0.702344 0.037497 0.032812
0 0.608234 0.977344 0.037497 0.035937
0 0.822300 0.946094 0.031246 0.029688
0 0.687927 0.888281 0.034376 0.032812
0 0.722303 0.932031 0.028125 0.032812
0 0.660582 0.782812 0.029685 0.034375
0 0.578548 0.804688 0.040627 0.025000
0 0.534801 0.757812 0.018753 0.034375
0 0.566046 0.770312 0.028125 0.021875
0 0.737925 0.776562 0.043748 0.031250
0 0.866047 0.447656 0.053129 0.032812
0 0.905894 0.426562 0.042187 0.025000
0 0.880110 0.412500 0.037497 0.034375
0 0.932458 0.372656 0.051559 0.032812
0 0.914486 0.341406 0.037497 0.029688
0 0.926988 0.207031 0.028125 0.023438
0 0.968395 0.200781 0.026564 0.032812
0 0.987711 0.242969 0.024578 0.032812