0 0.387929 0.019531 0.034376 0.039062
0 0.228552 0.093750 0.040627 0.031250
0 0.254327 0.356250 0.045308 0.046875
0 0.078547 0.445313 0.040627 0.037500
0 0.177764 0.417187 0.042187 0.037500
0 0.186365 0.440625 0.034376 0.028125
0 0.250426 0.460937 0.043748 0.040625
0 0.251206 0.506250 0.042187 0.034375
0 0.587924 0.411719 0.034376 0.032812
0 0.621519 0.385156 0.035936 0.035937
0 0.719956 0.387500 0.032815 0.037500
0 0.774645 0.467969 0.035936 0.039063
0 0.890265 0.498437 0.035936 0.043750
0 0.426206 0.960937 0.039066 0.043750
0 0.392611 0.940625 0.043748 0.040625
0 0.483236 0.771875 0.028125 0.037500
0 0.543396 0.809375 0.029685 0.031250