0 0.654336 0.208594 0.064061 0.064062
0 0.780897 0.167187 0.048438 0.043750
0 0.771516 0.204688 0.054689 0.037500
0 0.849639 0.181250 0.051559 0.059375
0 0.841828 0.271875 0.054689 0.046875
0 0.841828 0.330469 0.045308 0.054688
0 0.932453 0.335938 0.035936 0.050000
0 0.795740 0.380469 0.046878 0.045313
0 0.769175 0.330469 0.043748 0.032813
0 0.654336 0.382812 0.042187 0.037500
0 0.676209 0.410156 0.026564 0.042188
0 0.961358 0.188281 0.046878 0.039063
0 0.947296 0.239062 0.049999 0.037500
0 0.980679 0.403906 0.038642 0.039063
0 0.959798 0.390625 0.040627 0.025000
0 0.958238 0.324219 0.034376 0.045313