0 0.018394 0.304688 0.032815 0.031250
0 0.036367 0.245312 0.028125 0.031250
0 0.136364 0.178125 0.037497 0.040625
0 0.021304 0.792969 0.042608 0.067188
0 0.074644 0.714043 0.042187 0.040586
0 0.092617 0.696875 0.062501 0.071875
0 0.141835 0.708594 0.045308 0.057812
0 0.168390 0.761607 0.032815 0.048214
0 0.188704 0.789844 0.048438 0.064063
0 0.244173 0.792188 0.049999 0.068750
0 0.288710 0.691406 0.064061 0.070312
0 0.294172 0.647656 0.075003 0.035938
0 0.380116 0.709375 0.053129 0.062500
0 0.344960 0.758594 0.054689 0.023437
0 0.395739 0.766406 0.040627 0.039063
0 0.444957 0.763281 0.076563 0.057812
0 0.513709 0.620312 0.064061 0.062500
0 0.480893 0.807031 0.045308 0.035937
0 0.594173 0.776562 0.059370 0.050000
0 0.828552 0.688281 0.065621 0.051562
0 0.115915 0.767544 0.028822 0.031328