0 0.044952 0.687500 0.042187 0.037500
0 0.078548 0.871875 0.040627 0.037500
0 0.096521 0.843750 0.032815 0.037500
0 0.131677 0.646875 0.031246 0.037500
0 0.138708 0.614063 0.029685 0.031250
0 0.138471 0.563283 0.018797 0.023810
0 0.208240 0.594531 0.028125 0.026562
0 0.236365 0.672656 0.037497 0.029688
0 0.272301 0.671875 0.031246 0.028125
0 0.175424 0.683594 0.025004 0.026562
0 0.149640 0.720313 0.026564 0.018750
0 0.181675 0.751563 0.025004 0.025000
0 0.233234 0.726563 0.034376 0.028125
0 0.298865 0.834375 0.031246 0.031250
0 0.358236 0.857812 0.034376 0.037500
0 0.360586 0.760156 0.029685 0.029688
0 0.354335 0.717188 0.029685 0.021875
0 0.372298 0.697656 0.028125 0.023438
0 0.326990 0.664063 0.025004 0.031250
0 0.409804 0.691406 0.025004 0.026562
0 0.391831 0.763281 0.023434 0.029688
0 0.551988 0.763281 0.037497 0.032812
0 0.656676 0.841406 0.034376 0.023438
0 0.625421 0.814844 0.034376 0.023438
0 0.770736 0.816406 0.028125 0.023438
0 0.816833 0.924219 0.032815 0.032812
0 0.847299 0.927344 0.043748 0.042188
0 0.825425 0.884375 0.034376 0.031250