0 0.493389 0.034375 0.029685 0.040625
0 0.449642 0.118750 0.035936 0.034375
0 0.624642 0.010938 0.035936 0.021875
0 0.689483 0.128906 0.028125 0.026562
0 0.728549 0.117969 0.028125 0.026562
0 0.845739 0.312500 0.028125 0.028125
0 0.870734 0.346875 0.025004 0.021875
0 0.576984 0.266406 0.037497 0.039062
0 0.986148 0.612500 0.027704 0.028125
0 0.957458 0.678906 0.032815 0.023438
0 0.928553 0.725000 0.031246 0.031250
0 0.869953 0.730469 0.042187 0.029688
0 0.629332 0.778906 0.026564 0.029688
0 0.625422 0.807031 0.025004 0.032812
0 0.600427 0.793750 0.028125 0.034375
0 0.711366 0.844531 0.037497 0.023437
0 0.691053 0.873437 0.046878 0.028125
0 0.623081 0.895312 0.039066 0.037500
0 0.578553 0.909375 0.031246 0.034375
0 0.826986 0.824219 0.031246 0.039063
0 0.962139 0.786719 0.029685 0.029688
0 0.996307 0.788281 0.007386 0.017188
0 0.967610 0.841406 0.034376 0.032812
0 0.856671 0.925000 0.034376 0.031250
0 0.819175 0.937500 0.025004 0.028125
0 0.662148 0.903125 0.023434 0.031250
0 0.419176 0.960156 0.034376 0.039063