0 0.308238 0.608594 0.040627 0.029688
0 0.155892 0.534375 0.020313 0.021875
0 0.150421 0.560937 0.028125 0.021875
0 0.186367 0.529687 0.025004 0.031250
0 0.255109 0.564844 0.025004 0.017188
0 0.277772 0.578906 0.032815 0.020312
0 0.337143 0.568750 0.026564 0.018750
0 0.448081 0.543750 0.029685 0.025000
0 0.432459 0.585156 0.023434 0.029688
0 0.451202 0.595312 0.023434 0.021875
0 0.476986 0.553906 0.031246 0.026562
0 0.517613 0.558594 0.040627 0.026562
0 0.630893 0.592969 0.029685 0.023438
0 0.615270 0.640625 0.023434 0.025000
0 0.647296 0.628125 0.021874 0.025000
0 0.851210 0.641406 0.032815 0.045312
0 0.938705 0.625000 0.032815 0.028125