0 0.903548 0.241406 0.031246 0.023438
0 0.880894 0.207812 0.023434 0.025000
0 0.831675 0.204687 0.031246 0.031250
0 0.922301 0.166406 0.025004 0.029688
0 0.970739 0.180469 0.028125 0.035938
0 0.729328 0.216406 0.032815 0.035938
0 0.573861 0.855469 0.031246 0.035937
0 0.615268 0.943750 0.023434 0.031250
0 0.627770 0.978125 0.026564 0.021875
0 0.648084 0.992188 0.032815 0.015624
0 0.690271 0.880469 0.029685 0.029688
0 0.716046 0.879687 0.021874 0.031250
0 0.684800 0.911719 0.034376 0.026563
0 0.886364 0.933594 0.037497 0.023437
0 0.851208 0.951562 0.029685 0.031250
0 0.814492 0.971875 0.021874 0.028125
0 0.827765 0.992187 0.023434 0.015625
0 0.794179 0.989844 0.031246 0.020312
0 0.940273 0.489844 0.023434 0.023438
0 0.755892 0.409375 0.023434 0.025000
0 0.312927 0.421875 0.028125 0.037500
0 0.413704 0.467187 0.042187 0.028125
0 0.355114 0.541406 0.034376 0.029688
0 0.325815 0.454261 0.027569 0.018797