0 0.182458 0.207813 0.035936 0.025000
0 0.021305 0.235156 0.042610 0.042187
0 0.184799 0.159375 0.040627 0.028125
0 0.524647 0.423438 0.042187 0.025000
0 0.509804 0.453125 0.025004 0.028125
0 0.492611 0.460156 0.031246 0.029687
0 0.452765 0.489844 0.032815 0.023437
0 0.488710 0.496875 0.029685 0.037500
0 0.870736 0.789062 0.031246 0.034375
0 0.898861 0.739844 0.021874 0.020312
0 0.825428 0.717969 0.028125 0.020312
0 0.926205 0.748438 0.017183 0.018750
0 0.913703 0.793750 0.023434 0.018750
0 0.922304 0.963281 0.025004 0.026562