0 0.283236 0.957031 0.040627 0.039062
0 0.057457 0.950781 0.042187 0.048438
0 0.241049 0.167187 0.043748 0.050000
0 0.200422 0.265625 0.040627 0.040625
0 0.210583 0.353125 0.029685 0.037500
0 0.158235 0.366406 0.046878 0.045312
0 0.575425 0.124219 0.037497 0.039062
0 0.582457 0.066406 0.029685 0.042188
0 0.485580 0.053906 0.039066 0.039062
0 0.772299 0.106250 0.040627 0.040625
0 0.993963 0.037500 0.012074 0.053125
0 0.818397 0.150000 0.032815 0.031250
0 0.610581 0.421094 0.042187 0.042188
0 0.527767 0.442969 0.032815 0.035938
0 0.566834 0.446094 0.026564 0.029688
0 0.477769 0.287500 0.054689 0.037500
0 0.421519 0.224219 0.048438 0.035938
0 0.329333 0.314844 0.026564 0.026562
0 0.320742 0.358594 0.037497 0.023438
0 0.291827 0.422656 0.029685 0.029688
0 0.312141 0.449219 0.026564 0.039062
0 0.488710 0.522656 0.048438 0.032812
0 0.422299 0.490625 0.043748 0.046875
0 0.355108 0.641406 0.046878 0.045312
0 0.320742 0.624219 0.043748 0.051562
0 0.279335 0.529688 0.039066 0.053125
0 0.187140 0.471094 0.039066 0.035938
0 0.226206 0.505469 0.032815 0.026562
0 0.244959 0.494531 0.026564 0.032812
0 0.191050 0.540625 0.034376 0.018750
0 0.194171 0.571094 0.043748 0.035938
0 0.116047 0.556250 0.046878 0.037500
0 0.048085 0.593750 0.039066 0.043750
0 0.241829 0.665625 0.035936 0.034375
0 0.090273 0.701563 0.039066 0.043750
0 0.266053 0.699219 0.031246 0.029688
0 0.423860 0.662500 0.031246 0.028125
0 0.221515 0.800781 0.029685 0.039062
0 0.323082 0.828125 0.035936 0.037500
0 0.373861 0.868750 0.028125 0.050000
0 0.424640 0.965625 0.035936 0.031250
0 0.666051 0.917969 0.037497 0.042188
0 0.659020 0.844531 0.029685 0.035938
0 0.976204 0.887500 0.039066 0.037500
0 0.613702 0.164844 0.029685 0.029688