0 0.010367 0.017188 0.020734 0.034375
0 0.025429 0.004688 0.037497 0.009375
0 0.216832 0.002344 0.032815 0.004688
0 0.112144 0.022656 0.039066 0.026563
0 0.181676 0.108594 0.040627 0.045312
0 0.226984 0.066406 0.034376 0.029688
0 0.273082 0.085938 0.032815 0.037500
0 0.236365 0.017188 0.031246 0.025000
0 0.324641 0.028125 0.042187 0.037500
0 0.516833 0.053125 0.042187 0.040625
0 0.618391 0.090625 0.045308 0.046875
0 0.680111 0.251563 0.031246 0.025000
0 0.640264 0.303125 0.032815 0.028125
0 0.593396 0.297656 0.035936 0.032812
0 0.648865 0.221875 0.025004 0.021875
0 0.429328 0.305469 0.039066 0.039063
0 0.389491 0.322656 0.034376 0.026563
0 0.604328 0.382813 0.045308 0.040625
0 0.594956 0.425781 0.035936 0.026563
0 0.246517 0.422656 0.042187 0.032812
0 0.304327 0.464063 0.029685 0.028125
0 0.230114 0.543750 0.037497 0.040625
0 0.876204 0.528906 0.032815 0.032812
0 0.616050 0.634375 0.043748 0.031250
0 0.606678 0.685156 0.034376 0.017188
0 0.570742 0.728906 0.031246 0.020312
0 0.676990 0.719531 0.031246 0.026563
0 0.660578 0.759375 0.029685 0.043750
0 0.894177 0.894531 0.034376 0.042188
0 0.181676 0.823438 0.037497 0.059375
0 0.098082 0.860156 0.048438 0.042188
0 0.081679 0.963281 0.034376 0.042188
0 0.059015 0.960156 0.026564 0.042188
0 0.008807 0.885937 0.017613 0.031250