0 0.082457 0.425000 0.051559 0.046875
0 0.294953 0.414063 0.073442 0.056250
0 0.276990 0.605469 0.065621 0.064063
0 0.366045 0.560156 0.053129 0.042188
0 0.412143 0.464063 0.070312 0.062500
0 0.480114 0.556250 0.059370 0.059375
0 0.519952 0.469531 0.067191 0.064063
0 0.610577 0.530469 0.057810 0.057812
0 0.572300 0.537500 0.049999 0.059375
0 0.570740 0.596875 0.043748 0.046875
0 0.684799 0.496875 0.068752 0.043750
0 0.718395 0.548437 0.064061 0.056250
0 0.807460 0.432031 0.060940 0.057812
0 0.814491 0.646875 0.043748 0.059375
0 0.873081 0.656250 0.051559 0.059375
0 0.920739 0.679688 0.053129 0.050000
0 0.950425 0.596875 0.053129 0.059375