0 0.006772 0.972794 0.013544 0.033119
0 0.151762 0.941837 0.034554 0.034556
0 0.255434 0.720106 0.031678 0.034556
0 0.249672 0.670431 0.023039 0.027356
0 0.289989 0.632994 0.034554 0.030238
0 0.074738 0.665710 0.038878 0.028162
0 0.049952 0.642819 0.022209 0.024987
0 0.170486 0.786337 0.031678 0.023038
0 0.162562 0.814412 0.030240 0.027356
0 0.509563 0.959837 0.035993 0.030237
0 0.511001 0.993238 0.030240 0.013524
0 0.616112 0.477494 0.035993 0.041756
0 0.400852 0.200325 0.034554 0.028794
0 0.432530 0.023950 0.031678 0.038875
0 0.262635 0.206806 0.034554 0.035994
0 0.376375 0.080100 0.028792 0.033119
0 0.439223 0.699248 0.016291 0.020050
0 0.909148 0.954261 0.021303 0.013784
0 0.776316 0.904762 0.018797 0.015038
0 0.390977 0.564536 0.025063 0.023810
0 0.631579 0.336466 0.027569 0.021303
0 0.272556 0.877193 0.023810 0.022556
0 0.770050 0.670426 0.018797 0.017544
0 0.755639 0.672932 0.015038 0.020050