0 0.212928 0.262500 0.031246 0.037500
0 0.155898 0.238281 0.023434 0.029688
0 0.264487 0.211719 0.031246 0.035937
0 0.548865 0.182812 0.040627 0.031250
0 0.571519 0.145312 0.029685 0.034375
0 0.527772 0.049219 0.029685 0.029688
0 0.524642 0.132031 0.026564 0.020312
0 0.635580 0.107031 0.039066 0.035937
0 0.690270 0.139844 0.045308 0.029688
0 0.701991 0.162500 0.043748 0.034375
0 0.664485 0.176562 0.031246 0.037500
0 0.756671 0.446094 0.028125 0.032812
0 0.934021 0.344531 0.045308 0.039063
0 0.979898 0.421875 0.040204 0.025000
0 0.961366 0.304687 0.034376 0.034375