0 0.080896 0.060156 0.035936 0.039062
0 0.109021 0.148437 0.057810 0.037500
0 0.201987 0.154687 0.046878 0.040625
0 0.191046 0.316406 0.043748 0.045312
0 0.014279 0.387500 0.028548 0.040625
0 0.040270 0.379687 0.042187 0.031250
0 0.211359 0.376562 0.043748 0.028125
0 0.287922 0.396875 0.046878 0.034375
0 0.391049 0.360937 0.034376 0.025000
0 0.483235 0.428906 0.043748 0.042188
0 0.563709 0.413281 0.045308 0.035938
0 0.228552 0.446875 0.049999 0.037500
0 0.191835 0.495312 0.064061 0.031250
0 0.098080 0.486719 0.067191 0.026562
0 0.115272 0.539844 0.057810 0.032812
0 0.275429 0.574219 0.062501 0.045312
0 0.431676 0.485156 0.037497 0.035938
0 0.522302 0.485156 0.046878 0.032812
0 0.545736 0.651563 0.040627 0.040625
0 0.557458 0.527344 0.039066 0.035938
0 0.416834 0.674219 0.042187 0.042188
0 0.513710 0.724219 0.026564 0.026562
0 0.680898 0.613281 0.032815 0.035938
0 0.742609 0.614844 0.037497 0.035938
0 0.659015 0.750781 0.029685 0.032812
0 0.855109 0.751562 0.025004 0.031250
0 0.869171 0.704688 0.043748 0.037500
0 0.834015 0.647656 0.032815 0.035938
0 0.984586 0.685938 0.030827 0.031250
0 0.920739 0.847656 0.040627 0.045312