0 0.078553 0.957813 0.025004 0.031250
0 0.037926 0.751563 0.025004 0.025000
0 0.365272 0.687500 0.026564 0.025000
0 0.315273 0.707031 0.029685 0.029687
0 0.394957 0.738281 0.035936 0.020312
0 0.521519 0.732812 0.026564 0.021875
0 0.541832 0.746875 0.035936 0.015625
0 0.866828 0.746094 0.032815 0.032812
0 0.798085 0.721875 0.026564 0.031250
0 0.867617 0.096094 0.034376 0.026562
0 0.773081 0.121875 0.039066 0.034375
0 0.778552 0.083594 0.034376 0.029687
0 0.676205 0.083594 0.035936 0.039062
0 0.107769 0.790727 0.022556 0.020050
0 0.057018 0.786967 0.021303 0.015038
0 0.275063 0.180451 0.023810 0.025063
0 0.033835 0.947368 0.022556 0.020050