0 0.861366 0.227344 0.031246 0.035937
0 0.826990 0.210156 0.046878 0.035937
0 0.742616 0.272656 0.034376 0.035937
0 0.448866 0.050000 0.034376 0.034375
0 0.474641 0.007031 0.039066 0.014062
0 0.523079 0.015625 0.032815 0.031250
0 0.323865 0.010156 0.031246 0.020312
0 0.340268 0.035938 0.051559 0.037500
0 0.305112 0.175350 0.034376 0.039924
0 0.302771 0.240625 0.029685 0.031250
0 0.264485 0.212500 0.028125 0.040625
0 0.249642 0.285937 0.035936 0.031250
0 0.209796 0.325000 0.037497 0.043750
0 0.389486 0.473437 0.040627 0.034375
0 0.056679 0.246875 0.031246 0.028125
0 0.848371 0.262531 0.025063 0.023810
0 0.503759 0.208647 0.025063 0.026316
0 0.462406 0.209273 0.027569 0.022556