0 0.469174 0.874219 0.031246 0.032812
0 0.526203 0.863281 0.029685 0.029688
0 0.595735 0.858594 0.025004 0.032812
0 0.526203 0.814844 0.029685 0.035937
0 0.471514 0.792969 0.029685 0.032812
0 0.451990 0.777344 0.040627 0.026563
0 0.605897 0.786719 0.032815 0.032812
0 0.416054 0.651563 0.043748 0.037500
0 0.069956 0.879687 0.035936 0.050000
0 0.121515 0.014063 0.042187 0.028125
0 0.102771 0.081250 0.035936 0.043750
0 0.601206 0.442187 0.032815 0.040625
0 0.543233 0.786341 0.033835 0.031328
0 0.596491 0.820175 0.025063 0.018797