0 0.587147 0.591406 0.032815 0.026563
0 0.057457 0.555469 0.042187 0.035937
0 0.116828 0.532812 0.042187 0.034375
0 0.960581 0.446875 0.042187 0.031250
0 0.691045 0.394531 0.025004 0.026563
0 0.740273 0.413281 0.032815 0.029688
0 0.752766 0.364844 0.039066 0.023437
0 0.728551 0.380469 0.021874 0.017188
0 0.009586 0.395313 0.019171 0.031250
0 0.035583 0.357031 0.035936 0.023437
0 0.076990 0.194531 0.031246 0.029688
0 0.041054 0.075781 0.028125 0.020312
0 0.322302 0.185937 0.034376 0.037500
0 0.250420 0.100000 0.040627 0.034375
0 0.536359 0.048438 0.034376 0.025000
0 0.514485 0.076562 0.043748 0.018750
0 0.571515 0.081250 0.026564 0.037500
0 0.246519 0.009375 0.042187 0.018750
0 0.723081 0.010937 0.032815 0.021874
0 0.586367 0.035938 0.021874 0.021875
0 0.858234 0.782812 0.034376 0.025000
0 0.463706 0.545312 0.026564 0.018750
0 0.484020 0.529687 0.017183 0.018750
0 0.471518 0.483594 0.026564 0.023437
0 0.523866 0.500000 0.028125 0.025000
0 0.552771 0.430469 0.029685 0.026563