0 0.043395 0.446875 0.051559 0.059375
0 0.192610 0.521094 0.056250 0.048437
0 0.193391 0.407031 0.032815 0.039063
0 0.213704 0.453125 0.029685 0.025000
0 0.247300 0.457813 0.040627 0.040625
0 0.315271 0.535156 0.042187 0.029688
0 0.508234 0.575000 0.040627 0.028125
0 0.623083 0.417187 0.029685 0.037500
0 0.455115 0.210156 0.028125 0.039063
0 0.415268 0.223437 0.023434 0.025000
0 0.574645 0.189844 0.035936 0.039063
0 0.343396 0.018750 0.032815 0.028125
0 0.787922 0.983594 0.018753 0.032812
0 0.068922 0.143484 0.022556 0.038847