0 0.150428 0.030469 0.043748 0.054688
0 0.101989 0.042969 0.043748 0.045312
0 0.070734 0.164062 0.037497 0.037500
0 0.273079 0.178125 0.042187 0.040625
0 0.333239 0.231250 0.040627 0.043750
0 0.330109 0.180469 0.034376 0.039063
0 0.416833 0.400781 0.054689 0.045312
0 0.081676 0.275000 0.046878 0.046875
0 0.011153 0.665625 0.022306 0.040625
0 0.055112 0.620312 0.049999 0.043750
0 0.155898 0.735156 0.048438 0.057812
0 0.153548 0.885938 0.062501 0.062500
0 0.105110 0.848437 0.043748 0.043750
0 0.286361 0.867188 0.046878 0.043750
0 0.320737 0.838281 0.053129 0.048437
0 0.536363 0.803906 0.053129 0.045312
0 0.616047 0.889062 0.040627 0.040625
0 0.606675 0.853906 0.034376 0.032812
0 0.584802 0.986719 0.025004 0.026562
0 0.961366 0.682031 0.034376 0.048437
0 0.739488 0.601562 0.037497 0.034375
0 0.973078 0.805469 0.048438 0.057812