0 0.010368 0.889844 0.020736 0.035937
0 0.215264 0.810156 0.045308 0.048437
0 0.184799 0.845312 0.028125 0.025000
0 0.346517 0.837500 0.042187 0.034375
0 0.211363 0.410937 0.034376 0.031250
0 0.357458 0.382812 0.035936 0.037500
0 0.428550 0.408594 0.040627 0.039062
0 0.582457 0.385937 0.029685 0.031250
0 0.789492 0.382031 0.053129 0.042188
0 0.897300 0.405469 0.043748 0.045312
0 0.911363 0.364844 0.040627 0.039062
0 0.762147 0.753906 0.017183 0.017188
0 0.739484 0.751562 0.015623 0.021875
0 0.751205 0.739844 0.020313 0.032812
0 0.671522 0.684375 0.032815 0.031250
0 0.091479 0.468672 0.027569 0.030075