0 0.871686 0.862207 0.041811 0.040204
0 0.954209 0.929051 0.035212 0.038554
0 0.883459 0.030172 0.050125 0.029882
0 0.571429 0.162281 0.020050 0.018797
0 0.970551 0.570175 0.023810 0.032581
0 0.989975 0.526316 0.020050 0.022556
0 0.715539 0.843985 0.037594 0.031328
0 0.297619 0.356516 0.018797 0.018797
0 0.300125 0.325188 0.011278 0.011278
0 0.245614 0.314536 0.007519 0.007519
0 0.167920 0.372807 0.012531 0.013784
0 0.216792 0.372180 0.012531 0.010025
0 0.278195 0.374060 0.015038 0.013784
0 0.216165 0.418546 0.013784 0.012531
0 0.201754 0.484336 0.017544 0.016291
0 0.147243 0.505013 0.013784 0.017544
0 0.127820 0.510652 0.017544 0.021303
0 0.113409 0.498747 0.018797 0.020050
0 0.102757 0.474311 0.017544 0.011278
0 0.090852 0.492481 0.021303 0.017544
0 0.084586 0.454261 0.018797 0.013784