0 0.415392 0.019675 0.030813 0.039350
0 0.034664 0.240712 0.030813 0.037413
0 0.008531 0.248412 0.017062 0.030813
0 0.217324 0.064656 0.035212 0.028606
0 0.240430 0.108669 0.037412 0.041813
0 0.326261 0.070156 0.037412 0.044012
0 0.441796 0.028344 0.039612 0.026406
0 0.463802 0.047050 0.039612 0.033013
0 0.457203 0.132881 0.030813 0.037413
0 0.317453 0.130675 0.033013 0.041813
0 0.298747 0.195576 0.035212 0.035261
0 0.401085 0.212106 0.046210 0.041813
0 0.375771 0.285825 0.030813 0.039612
0 0.463802 0.269325 0.035212 0.037413
0 0.457203 0.334244 0.044011 0.044012
0 0.472610 0.417869 0.039612 0.030813
0 0.497914 0.418969 0.033013 0.019806
0 0.493515 0.392563 0.028614 0.028606
0 0.469301 0.377156 0.024205 0.033013
0 0.496815 0.370556 0.035212 0.037413
0 0.537526 0.360650 0.037412 0.044012
0 0.522119 0.299031 0.033013 0.039612
0 0.967764 0.651144 0.030813 0.044013
0 0.901738 0.382656 0.044011 0.052819
0 0.862127 0.285825 0.035212 0.048413
0 0.919345 0.244013 0.039612 0.044012
0 0.806009 0.028141 0.037412 0.031219
0 0.266291 0.204887 0.028822 0.023810
0 0.294486 0.142231 0.022556 0.026316
0 0.065789 0.196742 0.021303 0.012531
0 0.038221 0.307018 0.021303 0.022556