0 0.388706 0.678125 0.032815 0.028125
0 0.430113 0.684375 0.025004 0.028125
0 0.375424 0.712500 0.031246 0.034375
0 0.403549 0.720312 0.031246 0.037500
0 0.640269 0.700000 0.035936 0.025000
0 0.520738 0.659375 0.034376 0.025000
0 0.503546 0.670312 0.034376 0.034375
0 0.528550 0.702344 0.031246 0.032812
0 0.465269 0.746094 0.045308 0.035937
0 0.848864 0.964844 0.034376 0.045312
0 0.923867 0.971094 0.049999 0.051563
0 0.820739 0.853906 0.021874 0.029688
0 0.831672 0.821094 0.031246 0.026563
0 0.852765 0.705469 0.032815 0.032812
0 0.968395 0.749219 0.014062 0.020312
0 0.983237 0.768750 0.025004 0.018750
0 0.995522 0.753906 0.008956 0.023437