0 0.227765 0.110937 0.023434 0.031250
0 0.223084 0.080469 0.035936 0.020312
0 0.184798 0.082031 0.031246 0.017188
0 0.182457 0.103125 0.026564 0.021875
0 0.130898 0.032031 0.039066 0.029688
0 0.130108 0.064844 0.049999 0.020312
0 0.019959 0.182812 0.032815 0.037500
0 0.471516 0.103906 0.035936 0.023437
0 0.446522 0.203906 0.032815 0.029688
0 0.494170 0.179687 0.037497 0.037500
0 0.958239 0.452344 0.037497 0.042188
0 0.884797 0.411719 0.040627 0.032812
0 0.876985 0.321094 0.028125 0.035937
0 0.908240 0.146875 0.040627 0.031250
0 0.905110 0.111719 0.040627 0.029688
0 0.848861 0.064062 0.034376 0.025000
0 0.629333 0.285156 0.032815 0.032812
0 0.651987 0.232031 0.037497 0.026563
0 0.593397 0.227344 0.029685 0.032812
0 0.618391 0.192187 0.032815 0.034375
0 0.637925 0.171094 0.025004 0.026563
0 0.614490 0.127344 0.034376 0.029688
0 0.593397 0.104687 0.035936 0.037500
0 0.651207 0.074219 0.035936 0.035937
0 0.707456 0.011719 0.029685 0.023438
0 0.518170 0.325188 0.023810 0.033835