0 0.898080 0.985156 0.035936 0.029687
0 0.911990 0.869970 0.023138 0.038185
0 0.848082 0.879687 0.026564 0.037500
0 0.815586 0.874356 0.032175 0.029413
0 0.800729 0.890314 0.027523 0.028748
0 0.767608 0.939844 0.025004 0.020312
0 0.321522 0.832812 0.051559 0.034375
0 0.300428 0.789844 0.043748 0.029688
0 0.095734 0.828125 0.034376 0.037500
0 0.203552 0.789062 0.037497 0.043750
0 0.194171 0.983594 0.037497 0.032812
0 0.916053 0.914063 0.018753 0.031250
0 0.521516 0.183594 0.048438 0.039062
0 0.516046 0.075000 0.053129 0.046875
0 0.823078 0.047656 0.045308 0.057812
0 0.820737 0.330469 0.043748 0.054688
0 0.456675 0.585156 0.025004 0.023438
0 0.439492 0.581250 0.031246 0.025000
0 0.588972 0.784461 0.027569 0.027569
0 0.528822 0.801378 0.022556 0.018797