0 0.524641 0.389062 0.045308 0.050000
0 0.524641 0.453125 0.039066 0.034375
0 0.251204 0.567969 0.042187 0.035938
0 0.017401 0.769531 0.034802 0.035937
0 0.165269 0.813281 0.045308 0.057812
0 0.625428 0.196875 0.043748 0.031250
0 0.599643 0.178125 0.032815 0.031250
0 0.575429 0.175781 0.028125 0.039062
0 0.752769 0.283594 0.045308 0.039062
0 0.715273 0.294531 0.035936 0.029688
0 0.733236 0.349219 0.049999 0.039062
0 0.780114 0.359375 0.046878 0.034375
0 0.614486 0.437500 0.040627 0.040625
0 0.546515 0.425781 0.048438 0.042188