0 0.481678 0.639844 0.031246 0.042188
0 0.526206 0.704688 0.032815 0.040625
0 0.589486 0.555469 0.028125 0.026563
0 0.688703 0.802344 0.054689 0.045312
0 0.964490 0.716406 0.053129 0.039063
0 0.914776 0.679891 0.027547 0.033968
0 0.958239 0.609375 0.043748 0.040625
0 0.730110 0.582812 0.025004 0.031250
0 0.711367 0.540625 0.021874 0.021875
0 0.789490 0.589844 0.034376 0.035937
0 0.912141 0.315625 0.035936 0.028125
0 0.935585 0.353906 0.026564 0.023437
0 0.992399 0.352344 0.015201 0.032812
0 0.883459 0.624060 0.030075 0.030075