0 0.136398 0.491681 0.044011 0.044013
0 0.230850 0.639312 0.042178 0.042181
0 0.188662 0.697081 0.034846 0.040344
0 0.180409 0.757600 0.044011 0.036681
0 0.292279 0.718169 0.036679 0.038513
0 0.442660 0.660400 0.036679 0.044013
0 0.465586 0.699831 0.038512 0.042181
0 0.642560 0.839206 0.036679 0.042181
0 0.873631 0.925406 0.040345 0.049519
0 0.549951 0.267025 0.045844 0.042181
0 0.515106 0.197337 0.031180 0.031175
0 0.957996 0.260606 0.022005 0.040344
0 0.093985 0.837093 0.020050 0.017544
0 0.211779 0.823308 0.020050 0.025063
0 0.976817 0.152882 0.028822 0.027569
0 0.879073 0.844612 0.023810 0.020050