0 0.012714 0.750781 0.025428 0.057812
0 0.134022 0.766406 0.048438 0.042188
0 0.203554 0.893750 0.040627 0.053125
0 0.280117 0.801562 0.056250 0.062500
0 0.291049 0.907812 0.034376 0.040625
0 0.416051 0.895312 0.031246 0.031250
0 0.427772 0.791406 0.045308 0.048437
0 0.479331 0.808594 0.051559 0.051563
0 0.486363 0.860156 0.043748 0.035937
0 0.573867 0.828125 0.031246 0.037500
0 0.610584 0.803125 0.032815 0.034375
0 0.646520 0.800781 0.032815 0.032812
0 0.885581 0.836719 0.039066 0.042188
0 0.089485 0.030469 0.031246 0.035937
0 0.788704 0.152344 0.029685 0.032812
0 0.484802 0.267187 0.028125 0.028125
0 0.981462 0.942187 0.037076 0.034375
0 0.988722 0.860276 0.022556 0.028822