0 0.708238 0.835156 0.028125 0.023437
0 0.675423 0.821875 0.040627 0.034375
0 0.677773 0.787500 0.039066 0.034375
0 0.573085 0.550000 0.035936 0.040625
0 0.534018 0.521875 0.035936 0.031250
0 0.685584 0.584375 0.035936 0.031250
0 0.757456 0.579688 0.029685 0.034375
0 0.650428 0.548438 0.025004 0.025000
0 0.180108 0.260937 0.043748 0.043750
0 0.301989 0.209375 0.040627 0.040625
0 0.412147 0.231250 0.026564 0.025000
0 0.413708 0.213281 0.039066 0.020312
0 0.585577 0.251563 0.035936 0.034375
0 0.637146 0.390625 0.039066 0.025000
0 0.375422 0.099219 0.034376 0.026563
0 0.401986 0.064062 0.031246 0.037500
0 0.430111 0.078906 0.031246 0.032812
0 0.068296 0.337719 0.023810 0.031328