0 0.791068 0.712115 0.024381 0.039430
0 0.925583 0.493419 0.040345 0.038513
0 0.837187 0.480581 0.022745 0.034844
0 0.764204 0.480581 0.036679 0.038513
0 0.679839 0.483331 0.044011 0.040344
0 0.690847 0.429231 0.036679 0.038513
0 0.838474 0.375131 0.042178 0.047681
0 0.816468 0.313694 0.034846 0.031175
0 0.759617 0.277931 0.042178 0.029344
0 0.733946 0.311863 0.031180 0.045850
0 0.706293 0.305757 0.024115 0.025048
0 0.611990 0.104631 0.036679 0.042181
0 0.515706 0.056950 0.034846 0.042181
0 0.534045 0.013344 0.034846 0.026687
0 0.622076 0.039525 0.038512 0.044012
0 0.694862 0.284461 0.023810 0.022556