0 0.942613 0.471875 0.034376 0.034375
0 0.914488 0.484375 0.043748 0.034375
0 0.862140 0.466406 0.048438 0.042188
0 0.714485 0.450000 0.040627 0.046875
0 0.600425 0.474219 0.037497 0.029688
0 0.747300 0.476562 0.034376 0.028125
0 0.862929 0.552344 0.034376 0.035938
0 0.823083 0.522656 0.039066 0.032812
0 0.906677 0.558594 0.043748 0.048438
0 0.984586 0.544531 0.030827 0.032812
0 0.959796 0.590625 0.034376 0.037500
0 0.621519 0.545312 0.035936 0.031250
0 0.580892 0.523437 0.035936 0.034375
0 0.577771 0.596094 0.035936 0.029688
0 0.232456 0.532581 0.043860 0.037594