0 0.112929 0.985156 0.037497 0.029688
0 0.191832 0.868750 0.039066 0.031250
0 0.151986 0.690625 0.046878 0.034375
0 0.193393 0.700000 0.029685 0.025000
0 0.150425 0.621094 0.046878 0.039062
0 0.078553 0.642187 0.028125 0.037500
0 0.032455 0.677344 0.042187 0.029688
0 0.583239 0.960937 0.034376 0.040625
0 0.555894 0.985937 0.032815 0.028125
0 0.697299 0.800000 0.028125 0.037500
0 0.686366 0.766406 0.037497 0.039063
0 0.643390 0.770312 0.032815 0.031250
0 0.557455 0.700000 0.032815 0.034375
0 0.555894 0.874219 0.032815 0.032812
0 0.491833 0.428906 0.042187 0.035938
0 0.426203 0.328125 0.045308 0.050000
0 0.339488 0.367187 0.031246 0.028125
0 0.301211 0.391406 0.039066 0.039062
0 0.198083 0.414062 0.039066 0.034375
0 0.253553 0.508594 0.037497 0.039062
0 0.159797 0.525781 0.049999 0.045312
0 0.113709 0.482812 0.035936 0.034375
0 0.079333 0.476562 0.048438 0.040625
0 0.043397 0.403125 0.042187 0.037500
0 0.003336 0.429687 0.006671 0.040625
0 0.019743 0.360937 0.039486 0.034375
0 0.436364 0.464062 0.034376 0.031250
0 0.347299 0.483594 0.034376 0.035938
0 0.318394 0.797656 0.026564 0.026563
0 0.017403 0.203906 0.034805 0.020312
0 0.014273 0.176562 0.028545 0.043750
0 0.565266 0.023437 0.039066 0.034375
0 0.539491 0.063281 0.031246 0.023438
0 0.619175 0.126562 0.034376 0.028125
0 0.445736 0.046875 0.028125 0.028125
0 0.134803 0.014063 0.037497 0.028125
0 0.224648 0.112500 0.045308 0.031250
0 0.146515 0.123437 0.032815 0.025000
0 0.108238 0.130469 0.028125 0.023438
0 0.132453 0.164844 0.026564 0.023438
0 0.228549 0.239062 0.031246 0.028125