0 0.948078 0.285938 0.042187 0.043750
0 0.914491 0.289844 0.037497 0.042188
0 0.141050 0.508594 0.059370 0.045312
0 0.248859 0.446875 0.046878 0.056250
0 0.334023 0.425000 0.057810 0.046875
0 0.298077 0.495312 0.064061 0.059375
0 0.422298 0.429687 0.040627 0.043750
0 0.958239 0.500000 0.046878 0.046875
0 0.968391 0.658594 0.048438 0.045312
0 0.938706 0.609375 0.057810 0.037500
0 0.095742 0.605469 0.053129 0.042188
0 0.141830 0.637500 0.051559 0.043750
0 0.168395 0.658594 0.032815 0.032812
0 0.169175 0.725781 0.059370 0.057812
0 0.189488 0.771094 0.056250 0.045312