0 0.703056 0.934223 0.027667 0.031354
0 0.692588 0.975531 0.036806 0.031263
0 0.894576 0.169755 0.029754 0.023721
0 0.344612 0.055138 0.027569 0.025063
0 0.379073 0.064536 0.023810 0.023810
0 0.399123 0.081454 0.021303 0.022556
0 0.552005 0.428571 0.031328 0.027569
0 0.711153 0.080201 0.021303 0.020050
0 0.731203 0.088972 0.018797 0.022556
0 0.763784 0.077694 0.016291 0.015038
0 0.762531 0.103383 0.018797 0.013784
0 0.919799 0.165414 0.020050 0.017544
0 0.902256 0.188596 0.020050 0.016291
0 0.945489 0.275063 0.016291 0.011278
0 0.207393 0.894110 0.016291 0.013784
0 0.122807 0.912281 0.012531 0.012531
0 0.135965 0.924812 0.016291 0.012531
0 0.154762 0.914787 0.013784 0.012531
0 0.322682 0.729950 0.013784 0.016291
0 0.357769 0.724937 0.013784 0.011278
0 0.313910 0.761905 0.013784 0.015038
0 0.295113 0.775063 0.013784 0.016291
0 0.228697 0.823935 0.013784 0.016291
0 0.185464 0.779449 0.015038 0.015038
0 0.110276 0.882832 0.010025 0.008772
0 0.091479 0.869048 0.015038 0.011278
0 0.095865 0.906015 0.013784 0.010025
0 0.434837 0.009398 0.017544 0.018796
0 0.656015 0.323308 0.016291 0.015038