0 0.092611 0.384375 0.031246 0.031250
0 0.120736 0.426563 0.028125 0.028125
0 0.087140 0.508594 0.032815 0.032812
0 0.302767 0.473437 0.029685 0.025000
0 0.203550 0.547656 0.031246 0.023437
0 0.323860 0.590625 0.037497 0.031250
0 0.228554 0.651562 0.031246 0.034375
0 0.149641 0.569531 0.032815 0.032812
0 0.039492 0.632812 0.034376 0.028125
0 0.150421 0.755469 0.034376 0.035937
0 0.169174 0.824219 0.037497 0.026563
0 0.155112 0.973437 0.040627 0.034375
0 0.619171 0.914062 0.034376 0.037500
0 0.640264 0.776562 0.039066 0.043750
0 0.792610 0.986719 0.028125 0.026562
0 0.758234 0.720312 0.034376 0.028125
0 0.651986 0.696875 0.037497 0.031250
0 0.737141 0.496094 0.048438 0.042188
0 0.663708 0.469531 0.029685 0.017188
0 0.931674 0.510156 0.031246 0.032812
0 0.462924 0.307031 0.031246 0.032812
0 0.990839 0.458594 0.018322 0.035937
0 0.847299 0.289062 0.037497 0.037500