0 0.460578 0.921875 0.032815 0.034375
0 0.466829 0.968750 0.035936 0.031250
0 0.591831 0.957031 0.029685 0.023437
0 0.555114 0.926562 0.031246 0.040625
0 0.540272 0.848437 0.029685 0.031250
0 0.505896 0.852344 0.026564 0.039063
0 0.359801 0.694531 0.018753 0.045312
0 0.559795 0.645312 0.034376 0.031250
0 0.312923 0.609375 0.025004 0.021875
0 0.305112 0.635937 0.028125 0.025000
0 0.293390 0.656250 0.032815 0.025000
0 0.027765 0.192187 0.032815 0.037500
0 0.212146 0.030469 0.029685 0.029688
0 0.253553 0.044531 0.037497 0.035937
0 0.304332 0.129687 0.042187 0.034375
0 0.514487 0.478125 0.028125 0.028125
0 0.444175 0.453906 0.021874 0.029688
0 0.448866 0.415625 0.037497 0.034375
0 0.420741 0.401563 0.021874 0.028125
0 0.456677 0.126562 0.021874 0.025000
0 0.341048 0.088281 0.025004 0.026563
0 0.382455 0.099219 0.023434 0.035937
0 0.484022 0.114062 0.020313 0.021875