0 0.158239 0.825000 0.037497 0.046875
0 0.468392 0.836719 0.035936 0.039063
0 0.483235 0.794531 0.034376 0.039063
0 0.948864 0.694433 0.053129 0.045508
0 0.851207 0.632813 0.029685 0.028125
0 0.834804 0.653125 0.034376 0.031250
0 0.812141 0.725781 0.023434 0.026563
0 0.780895 0.648437 0.023434 0.034375
0 0.834014 0.729688 0.023434 0.037500
0 0.854328 0.564062 0.023434 0.034375
0 0.526202 0.359375 0.029685 0.025000
0 0.473863 0.421094 0.034376 0.020312
0 0.613707 0.257031 0.039066 0.042188
0 0.489486 0.336719 0.040627 0.029688
0 0.558237 0.269531 0.021874 0.026562
0 0.955895 0.258594 0.042187 0.035938