0 0.813704 0.035156 0.039066 0.045312
0 0.848860 0.008594 0.037497 0.017187
0 0.762925 0.076562 0.034376 0.037500
0 0.792610 0.061719 0.028125 0.032812
0 0.697304 0.114062 0.046878 0.050000
0 0.927773 0.292187 0.023434 0.037500
0 0.929333 0.150781 0.029685 0.035937
0 0.969960 0.203906 0.026564 0.023437
0 0.596517 0.236719 0.032815 0.029688
0 0.555890 0.253125 0.029685 0.034375
0 0.946516 0.510156 0.039066 0.032812
0 0.646515 0.339062 0.023434 0.031250
0 0.516053 0.361719 0.037497 0.026563
0 0.519954 0.424219 0.029685 0.026563
0 0.501990 0.535156 0.031246 0.039063
0 0.443391 0.700000 0.035936 0.034375
0 0.364487 0.651562 0.037497 0.043750
0 0.310578 0.718750 0.035936 0.018750
0 0.291054 0.743750 0.034376 0.037500
0 0.173865 0.675000 0.046878 0.034375