0 0.810629 0.809635 0.045409 0.047396
0 0.869674 0.897384 0.027569 0.019768
0 0.775582 0.872656 0.037808 0.035937
0 0.894489 0.563281 0.050622 0.060937
0 0.721522 0.533200 0.045308 0.053900
0 0.108238 0.591406 0.025004 0.023437
0 0.064491 0.638281 0.031246 0.039063
0 0.250423 0.520312 0.037497 0.034375
0 0.023084 0.439844 0.032815 0.029688
0 0.051208 0.414063 0.023434 0.034375
0 0.024912 0.359179 0.032280 0.031642
0 0.129332 0.430469 0.032815 0.029688
0 0.249642 0.400781 0.039066 0.048437
0 0.284018 0.332813 0.035936 0.037500
0 0.344100 0.278338 0.031098 0.034802
0 0.230889 0.231250 0.032815 0.034375
0 0.213781 0.147656 0.036096 0.035937
0 0.151206 0.192187 0.032815 0.025000
0 0.149645 0.257031 0.032815 0.029688
0 0.084014 0.232031 0.042187 0.039063
0 0.017400 0.269531 0.034800 0.029688
0 0.008806 0.124219 0.017612 0.029688
0 0.018183 0.116406 0.036366 0.042188
0 0.327766 0.209375 0.035936 0.034375
0 0.495734 0.117168 0.034376 0.036341
0 0.489439 0.023330 0.031147 0.031035
0 0.716832 0.209375 0.060940 0.037500
0 0.747996 0.299219 0.042359 0.048437
0 0.923867 0.305469 0.037497 0.026563
0 0.841053 0.285156 0.025004 0.026563
0 0.823080 0.253906 0.023434 0.032812
0 0.786364 0.307031 0.021874 0.035937
0 0.661323 0.050125 0.046957 0.037594
0 0.898863 0.190625 0.034376 0.028125
0 0.526316 0.275689 0.025063 0.025063
0 0.588346 0.177945 0.023810 0.027569
0 0.541353 0.115288 0.020050 0.022556
0 0.855890 0.731203 0.035088 0.043860
0 0.265038 0.758772 0.023810 0.016291
0 0.540100 0.782581 0.022556 0.021303