0 0.091827 0.248438 0.039066 0.037500
0 0.201206 0.285938 0.039066 0.037500
0 0.213708 0.238281 0.045308 0.045312
0 0.272298 0.276563 0.046878 0.037500
0 0.409021 0.377344 0.026564 0.029688
0 0.431675 0.387500 0.018753 0.031250
0 0.419173 0.402344 0.028125 0.035938
0 0.371515 0.380469 0.023434 0.035938
0 0.802768 0.300000 0.026564 0.040625
0 0.844955 0.316406 0.035936 0.029688
0 0.862928 0.434375 0.031246 0.031250
0 0.865269 0.370312 0.032815 0.037500
0 0.964486 0.418750 0.034376 0.037500
0 0.947302 0.445312 0.031246 0.034375
0 0.930890 0.753125 0.032815 0.037500
0 0.983025 0.696875 0.033949 0.031250
0 0.888703 0.821094 0.029685 0.035938
0 0.689850 0.834586 0.018797 0.022556
0 0.663534 0.838972 0.021303 0.018797