0 0.715106 0.927806 0.030240 0.027356
0 0.609281 0.827019 0.040317 0.030237
0 0.698543 0.814062 0.031678 0.033119
0 0.637358 0.921325 0.018715 0.034556
0 0.503446 0.834219 0.041755 0.041756
0 0.921718 0.896728 0.025916 0.029044
0 0.952381 0.850877 0.027569 0.030075
0 0.764411 0.418546 0.022556 0.020050
0 0.715539 0.427318 0.020050 0.017544
0 0.733709 0.510025 0.018797 0.020050
0 0.590852 0.545739 0.023810 0.018797
0 0.338972 0.325815 0.021303 0.015038
0 0.318922 0.235589 0.018797 0.017544
0 0.345238 0.199875 0.018797 0.018797
0 0.338972 0.177945 0.018797 0.015038
0 0.321429 0.203634 0.021303 0.016291
0 0.306391 0.261905 0.023810 0.015038