0 0.208427 0.070700 0.045844 0.055019
0 0.012977 0.472331 0.025954 0.036681
0 0.069053 0.372381 0.049519 0.038513
0 0.920909 0.783181 0.033013 0.042181
0 0.888808 0.754756 0.023838 0.044012
0 0.360641 0.638300 0.042178 0.031175
0 0.874144 0.265094 0.049519 0.040344
0 0.783359 0.358625 0.036679 0.036681
0 0.974311 0.533835 0.016291 0.035088
0 0.966165 0.579574 0.025063 0.028822
0 0.833333 0.478697 0.017544 0.030075
0 0.394110 0.291353 0.026316 0.031328
0 0.196115 0.347744 0.018797 0.021303
0 0.576441 0.120301 0.017544 0.030075
0 0.723058 0.949248 0.015038 0.016291
0 0.738722 0.948622 0.013784 0.017544