0 0.030914 0.211719 0.042186 0.045312
0 0.252012 0.250781 0.046878 0.051562
0 0.423883 0.398437 0.037501 0.043750
0 0.378570 0.420312 0.028124 0.034375
0 0.336384 0.477344 0.037501 0.045312
0 0.471540 0.454687 0.032816 0.028125
0 0.466855 0.485937 0.039065 0.034375
0 0.203571 0.603125 0.037501 0.028125
0 0.008819 0.513281 0.017638 0.035938
0 0.044976 0.542187 0.032816 0.028125
0 0.004911 0.553906 0.009821 0.039062
0 0.066851 0.619531 0.045314 0.032812
0 0.052789 0.654687 0.035937 0.034375
0 0.027008 0.628906 0.037501 0.023438
0 0.259040 0.914844 0.032816 0.039063
0 0.014411 0.271303 0.028822 0.028822
0 0.030075 0.262531 0.032581 0.021303
0 0.037594 0.323935 0.030075 0.028822