0 0.101209 0.897656 0.029685 0.035937
0 0.034798 0.947656 0.037497 0.035937
0 0.886363 0.478125 0.028125 0.028125
0 0.930111 0.433594 0.028125 0.032812
0 0.973078 0.442187 0.035936 0.034375
0 0.829333 0.351563 0.029685 0.028125
0 0.801989 0.481250 0.031246 0.037500
0 0.719175 0.435156 0.043748 0.032812
0 0.647302 0.418750 0.040627 0.028125
0 0.637141 0.344531 0.023434 0.023437
0 0.129334 0.360937 0.035936 0.031250
0 0.777765 0.212500 0.042187 0.037500
0 0.848866 0.191406 0.049999 0.039063
0 0.891834 0.106250 0.035936 0.037500
0 0.819952 0.117969 0.029685 0.026563
0 0.689489 0.187500 0.018753 0.025000
0 0.559017 0.156250 0.029685 0.025000
0 0.857769 0.442356 0.026316 0.017544