0 0.166981 0.166525 0.064535 0.042324
0 0.035620 0.055431 0.071239 0.065600
0 0.698622 0.224937 0.023810 0.026316
0 0.771303 0.198622 0.016291 0.021303
0 0.765664 0.242481 0.022556 0.018797
0 0.793860 0.229323 0.011278 0.017544
0 0.548872 0.566416 0.017544 0.020050
0 0.521303 0.577068 0.025063 0.023810
0 0.416667 0.570802 0.021303 0.018797
0 0.474937 0.574561 0.015038 0.018797
0 0.452381 0.594612 0.012531 0.016291
0 0.425439 0.649123 0.021303 0.017544
0 0.560150 0.656015 0.020050 0.023810
0 0.472431 0.671679 0.012531 0.020050
0 0.485589 0.706767 0.016291 0.015038
0 0.531955 0.743734 0.013784 0.018797
0 0.567669 0.719925 0.027569 0.016291
0 0.377193 0.746867 0.020050 0.017544
0 0.593358 0.769424 0.023810 0.015038
0 0.575188 0.800125 0.020050 0.016291
0 0.616541 0.802005 0.025063 0.015038
0 0.654135 0.772556 0.027569 0.016291
0 0.653509 0.690476 0.016291 0.015038
0 0.830201 0.692982 0.018797 0.020050
0 0.817669 0.630326 0.013784 0.017544
0 0.842732 0.721178 0.021303 0.023810
0 0.916040 0.385338 0.015038 0.013784
0 0.931704 0.436717 0.021303 0.018797