0 0.911543 0.350975 0.040345 0.034844
0 0.215576 0.416994 0.049519 0.049519
0 0.301765 0.328969 0.060517 0.053181
0 0.408135 0.302375 0.053185 0.047681
0 0.429229 0.421581 0.036679 0.036681
0 0.471406 0.419750 0.033013 0.040344
0 0.442981 0.339975 0.053185 0.023844
0 0.500744 0.354644 0.040345 0.034844
0 0.682305 0.325300 0.044011 0.038513
0 0.737323 0.268450 0.025671 0.038513
0 0.707064 0.252862 0.034846 0.036681
0 0.623621 0.337219 0.033013 0.025675
0 0.561270 0.456425 0.029347 0.044012
0 0.579610 0.515112 0.036679 0.036681
0 0.591529 0.551787 0.038512 0.044012