0 0.309014 0.832812 0.042187 0.028125
0 0.244173 0.170312 0.040627 0.037500
0 0.418393 0.333594 0.045308 0.035937
0 0.491055 0.385937 0.034376 0.037500
0 0.518390 0.353125 0.020313 0.025000
0 0.251984 0.625000 0.031246 0.028125
0 0.294952 0.777344 0.035936 0.029688
0 0.834803 0.410937 0.040627 0.037500
0 0.879331 0.441406 0.042187 0.026563
0 0.987711 0.390625 0.024578 0.031250
0 0.557456 0.942187 0.023434 0.028125
0 0.528551 0.941406 0.031246 0.029688
0 0.462140 0.947656 0.026564 0.029688
0 0.551205 0.792969 0.023434 0.026563
0 0.531328 0.286967 0.017544 0.022556
0 0.557644 0.402882 0.032581 0.028822
0 0.487469 0.195489 0.020050 0.030075
0 0.783208 0.817669 0.027569 0.028822