0 0.444174 0.944531 0.031246 0.032812
0 0.381673 0.914844 0.034376 0.029688
0 0.390265 0.853906 0.020313 0.020312
0 0.422300 0.865625 0.034376 0.025000
0 0.413709 0.843750 0.023434 0.025000
0 0.344177 0.791406 0.031246 0.029688
0 0.302770 0.784375 0.029685 0.025000
0 0.305891 0.850781 0.026564 0.026563
0 0.280896 0.829688 0.020313 0.025000
0 0.274645 0.850781 0.026564 0.017188
0 0.030113 0.551562 0.043748 0.043750
0 0.288707 0.479687 0.051559 0.043750
0 0.305891 0.513281 0.045308 0.048437
0 0.536360 0.422656 0.056250 0.057812
0 0.666052 0.450000 0.040627 0.046875
0 0.726992 0.390625 0.034376 0.028125
0 0.770739 0.492969 0.053129 0.054688
0 0.830110 0.532812 0.037497 0.046875
0 0.976205 0.496094 0.032815 0.029688
0 0.370301 0.832707 0.026316 0.021303