0 0.093393 0.033594 0.032815 0.039062
0 0.203552 0.011719 0.034376 0.023437
0 0.529328 0.011719 0.032815 0.023437
0 0.501983 0.041406 0.053129 0.039062
0 0.449644 0.062500 0.029685 0.034375
0 0.384803 0.144531 0.037497 0.035938
0 0.523077 0.132031 0.035936 0.048438
0 0.585577 0.185937 0.051559 0.040625
0 0.547301 0.266406 0.021874 0.035938
0 0.409797 0.352344 0.056250 0.039062
0 0.262922 0.291406 0.040627 0.039062
0 0.105115 0.311719 0.049999 0.039062
0 0.220735 0.432031 0.043748 0.054688
0 0.304329 0.476562 0.045308 0.071875
0 0.216834 0.581250 0.042187 0.053125
0 0.895740 0.980469 0.040627 0.039062
0 0.442613 0.744531 0.034376 0.035937
0 0.452765 0.772656 0.029685 0.042188