0 0.463659 0.298872 0.037594 0.031328
0 0.692608 0.196875 0.056250 0.043750
0 0.687147 0.096094 0.032815 0.026562
0 0.707460 0.107812 0.029685 0.028125
0 0.713702 0.046875 0.045308 0.040625
0 0.192613 0.253125 0.043748 0.037500
0 0.732455 0.480469 0.039066 0.029688
0 0.779332 0.438281 0.039066 0.039062
0 0.792615 0.492969 0.034376 0.039062
0 0.744176 0.549219 0.037497 0.039062
0 0.852765 0.510156 0.042187 0.045312
0 0.892612 0.577344 0.040627 0.029688
0 0.941050 0.610156 0.028125 0.039062
0 0.379334 0.473438 0.048438 0.034375
0 0.338707 0.452737 0.039066 0.025775