0 0.659404 0.115288 0.048419 0.035088
0 0.408384 0.333695 0.022282 0.023279
0 0.359694 0.313567 0.029986 0.024496
0 0.438231 0.936225 0.037412 0.041813
0 0.474236 0.818420 0.038997 0.035336
0 0.894874 0.679825 0.039612 0.026316
0 0.840955 0.686291 0.059417 0.026718
0 0.836556 0.710650 0.055018 0.035212
0 0.835456 0.803081 0.048419 0.048413
0 0.892674 0.842694 0.052819 0.044012
0 0.788146 0.862500 0.046210 0.039612
0 0.749634 0.838485 0.035212 0.012810
0 0.784529 0.952381 0.040237 0.035088
0 0.814551 0.961531 0.050619 0.039612
0 0.813451 0.989569 0.066026 0.020862
0 0.186717 0.528822 0.022556 0.027569