0 0.085578 0.442187 0.035936 0.040625
0 0.017616 0.296094 0.034376 0.035937
0 0.076987 0.042188 0.028125 0.046875
0 0.192616 0.290625 0.053129 0.053125
0 0.458241 0.871875 0.018753 0.028125
0 0.446520 0.842969 0.026564 0.020312
0 0.452771 0.817969 0.023434 0.020312
0 0.408233 0.822656 0.025004 0.029688
0 0.047302 0.909375 0.037497 0.040625
0 0.992401 0.347656 0.015198 0.035937
0 0.969959 0.425000 0.029685 0.034375
0 0.951206 0.237500 0.039066 0.028125
0 0.976990 0.262500 0.043748 0.028125
0 0.909018 0.246094 0.039066 0.029688
0 0.912929 0.189844 0.037497 0.039063
0 0.129335 0.192969 0.054689 0.039063
0 0.311366 0.181250 0.037497 0.031250
0 0.870742 0.780469 0.025004 0.020312
0 0.827765 0.750000 0.026564 0.028125
0 0.778546 0.749219 0.018753 0.032812
0 0.689491 0.692187 0.025004 0.028125
0 0.591054 0.544531 0.031246 0.026563
0 0.986150 0.068750 0.027700 0.031250