0 0.164490 0.528906 0.034376 0.026563
0 0.171521 0.496094 0.026564 0.026563
0 0.307455 0.582812 0.042187 0.040625
0 0.189485 0.271094 0.034376 0.032812
0 0.169171 0.246875 0.031246 0.021875
0 0.211358 0.237500 0.031246 0.031250
0 0.730116 0.140625 0.028125 0.021875
0 0.734017 0.182812 0.029685 0.028125
0 0.986149 0.800781 0.027702 0.039063
0 0.716054 0.344531 0.031246 0.023437
0 0.635580 0.320312 0.029685 0.028125
0 0.576210 0.495313 0.026564 0.031250
0 0.601985 0.510156 0.028125 0.029688
0 0.599644 0.438281 0.023434 0.023437
0 0.645742 0.532031 0.028125 0.029688
0 0.387148 0.709375 0.039066 0.043750
0 0.336360 0.131250 0.031246 0.025000
0 0.020736 0.214844 0.028125 0.032812
0 0.361364 0.025000 0.021874 0.031250