0 0.190268 0.172656 0.039066 0.035937
0 0.223863 0.160937 0.031246 0.037500
0 0.273082 0.119531 0.035936 0.042188
0 0.741831 0.199219 0.032815 0.029688
0 0.805892 0.254687 0.054689 0.050000
0 0.537146 0.977344 0.048438 0.042188
0 0.549648 0.800781 0.045308 0.045312
0 0.624642 0.742969 0.039066 0.039063
0 0.785579 0.739844 0.064061 0.051563
0 0.933234 0.414844 0.028125 0.026563
0 0.950427 0.442187 0.025004 0.031250
0 0.849640 0.376563 0.026564 0.034375
0 0.848080 0.312500 0.029685 0.018750
0 0.916831 0.269531 0.029685 0.029688