0 0.907093 0.373434 0.037944 0.027569
0 0.462649 0.142225 0.044011 0.047681
0 0.194890 0.602538 0.036679 0.036681
0 0.135294 0.586031 0.042178 0.040344
0 0.723979 0.675100 0.042178 0.041930
0 0.669969 0.582980 0.029162 0.028115
0 0.763412 0.576514 0.040345 0.022703
0 0.836769 0.599788 0.033013 0.034844
0 0.882613 0.625463 0.029347 0.038513
0 0.839514 0.651138 0.034846 0.042181
0 0.828516 0.687812 0.038512 0.031175
0 0.803756 0.653888 0.036679 0.036681
0 0.521930 0.870301 0.021303 0.018797
0 0.256266 0.789474 0.028822 0.027569
0 0.098997 0.681078 0.030075 0.031328
0 0.298246 0.679825 0.022556 0.021303
0 0.681078 0.528195 0.026316 0.018797
0 0.736842 0.419799 0.022556 0.022556
0 0.844612 0.470551 0.030075 0.023810
0 0.791353 0.471178 0.023810 0.020050
0 0.295739 0.070175 0.025063 0.020050
0 0.136591 0.096491 0.040100 0.035088
0 0.040727 0.474311 0.021303 0.028822