0 0.081756 0.799662 0.025916 0.041756
0 0.008483 0.478581 0.016966 0.038875
0 0.029925 0.354037 0.037431 0.028794
0 0.058717 0.325963 0.028792 0.033119
0 0.309969 0.665037 0.041755 0.031675
0 0.407880 0.592325 0.027354 0.027356
0 0.433072 0.600969 0.037431 0.035994
0 0.477712 0.670075 0.031678 0.038875
0 0.190467 0.709675 0.035993 0.037437
0 0.605853 0.564969 0.034554 0.035994
0 0.505066 0.781662 0.028792 0.037437
0 0.537459 0.899013 0.038878 0.038875
0 0.147870 0.317669 0.030075 0.031328
0 0.188305 0.271244 0.025916 0.033119
0 0.127835 0.240287 0.028792 0.028794
0 0.233709 0.488095 0.023810 0.021303
0 0.237469 0.513158 0.023810 0.013784
0 0.664787 0.589599 0.028822 0.023810