0 0.018180 0.470313 0.036360 0.037500
0 0.175424 0.009375 0.037497 0.018750
0 0.117614 0.055469 0.034376 0.054687
0 0.208239 0.837500 0.040627 0.053125
0 0.018397 0.950000 0.032815 0.031250
0 0.209019 0.977344 0.039066 0.032812
0 0.404332 0.987500 0.035936 0.025000
0 0.284802 0.828906 0.025004 0.042188
0 0.379328 0.887500 0.032815 0.043750
0 0.387140 0.174219 0.026564 0.026562
0 0.226202 0.232813 0.032815 0.037500
0 0.259798 0.042188 0.034376 0.025000
0 0.962927 0.074219 0.040627 0.042187
0 0.931672 0.032031 0.025004 0.020312