0 0.432455 0.073438 0.039066 0.037500
0 0.469952 0.285937 0.035936 0.034375
0 0.487924 0.312500 0.040627 0.031250
0 0.480113 0.364063 0.031246 0.028125
0 0.251204 0.312500 0.032815 0.040625
0 0.016619 0.035156 0.033237 0.045312
0 0.048860 0.008594 0.037497 0.017187
0 0.127773 0.292187 0.023434 0.037500
0 0.129333 0.150781 0.029685 0.035937
0 0.169960 0.203906 0.026564 0.023437
0 0.395739 0.175000 0.028125 0.025000
0 0.482454 0.153125 0.032815 0.031250
0 0.219178 0.414063 0.034376 0.031250
0 0.255895 0.471094 0.023434 0.029688
0 0.146516 0.510156 0.039066 0.032812
0 0.411361 0.779687 0.025004 0.031250
0 0.630898 0.704687 0.026564 0.028125
0 0.652772 0.644531 0.039066 0.023437
0 0.666054 0.611719 0.031246 0.023437
0 0.609015 0.621094 0.032815 0.029688
0 0.543394 0.544531 0.039066 0.026563
0 0.552766 0.488281 0.029685 0.032812
0 0.604334 0.547656 0.042187 0.029688
0 0.619957 0.530469 0.032815 0.029688
0 0.583240 0.453125 0.040627 0.031250
0 0.857457 0.555469 0.042187 0.035937
0 0.916828 0.532812 0.042187 0.034375
0 0.523861 0.588281 0.031246 0.017188
0 0.552766 0.396094 0.029685 0.035937
0 0.668395 0.351563 0.029685 0.031250
0 0.728546 0.323437 0.028125 0.031250
0 0.721514 0.294531 0.035936 0.029688
0 0.675426 0.273437 0.034376 0.025000
0 0.752769 0.203125 0.029685 0.031250
0 0.703551 0.132031 0.031246 0.026563
0 0.632459 0.062500 0.035936 0.037500
0 0.805109 0.395313 0.028125 0.031250
0 0.835583 0.357031 0.035936 0.023437
0 0.876990 0.194531 0.031246 0.029688
0 0.798077 0.155469 0.032815 0.029688
0 0.841054 0.075781 0.028125 0.020312
0 0.760581 0.083594 0.029685 0.023437
0 0.664787 0.471178 0.026316 0.027569
0 0.691103 0.497494 0.026316 0.020050