0 0.274640 0.082031 0.064061 0.039062
0 0.273860 0.130469 0.062501 0.039062
0 0.533234 0.066406 0.046878 0.032812
0 0.805110 0.128906 0.043748 0.032812
0 0.812921 0.049219 0.043748 0.035938
0 0.975215 0.446875 0.049570 0.046875
0 0.923080 0.871875 0.045308 0.031250
0 0.915269 0.812500 0.039066 0.034375
0 0.612147 0.955469 0.045308 0.023437
0 0.563709 0.954687 0.045308 0.040625
0 0.512140 0.950000 0.032815 0.025000
0 0.503549 0.908594 0.028125 0.023437
0 0.465272 0.938281 0.023434 0.023437
0 0.363705 0.935937 0.029685 0.040625
0 0.428546 0.909375 0.031246 0.034375
0 0.411363 0.988281 0.037497 0.023438
0 0.366045 0.985938 0.037497 0.028124
0 0.319957 0.993750 0.042187 0.012500
0 0.223081 0.985938 0.042187 0.028124
0 0.210579 0.946875 0.045308 0.031250