0 0.031677 0.477344 0.021874 0.032812
0 0.374645 0.308594 0.035936 0.035937
0 0.319176 0.298438 0.031246 0.021875
0 0.047299 0.943750 0.028125 0.031250
0 0.148866 0.978906 0.028125 0.029688
0 0.115271 0.932031 0.029685 0.035938
0 0.194955 0.869531 0.029685 0.032812
0 0.216048 0.745313 0.028125 0.031250
0 0.470741 0.393750 0.043748 0.037500
0 0.531672 0.347656 0.037497 0.054687
0 0.606675 0.169531 0.034376 0.032812
0 0.628548 0.113281 0.031246 0.029687
0 0.564487 0.124219 0.028125 0.035937
0 0.489485 0.117187 0.034376 0.040625
0 0.469171 0.196875 0.034376 0.028125
0 0.641050 0.263281 0.031246 0.026562
0 0.993182 0.471094 0.013636 0.039062