0 0.073631 0.925406 0.040345 0.049519
0 0.252447 0.865800 0.027504 0.040344
0 0.967674 0.971250 0.049519 0.045850
0 0.903482 0.910731 0.042178 0.049519
0 0.862225 0.908900 0.047686 0.045850
0 0.564208 0.791525 0.034846 0.027506
0 0.590800 0.759431 0.029347 0.029344
0 0.435276 0.513687 0.035966 0.047681
0 0.482597 0.476997 0.044011 0.036700
0 0.297370 0.344050 0.055018 0.045850
0 0.836544 0.460506 0.036679 0.047681
0 0.888808 0.477012 0.038512 0.044012
0 0.898904 0.434831 0.044011 0.047681
0 0.930996 0.373394 0.056851 0.064188
0 0.948414 0.328462 0.051352 0.069687
0 0.483518 0.274362 0.042178 0.038512
0 0.443173 0.240431 0.053185 0.044012
0 0.400074 0.235850 0.033013 0.031175
0 0.157996 0.260606 0.022005 0.040344
0 0.354221 0.064375 0.047686 0.047681
0 0.752189 0.783835 0.036679 0.031328
0 0.993108 0.956767 0.013784 0.043860
0 0.077068 0.843358 0.026316 0.030075
0 0.179198 0.152882 0.032581 0.030075
0 0.481830 0.304511 0.031328 0.035088