0 0.503546 0.978125 0.025004 0.025000
0 0.550424 0.936719 0.034376 0.029687
0 0.538702 0.898438 0.026564 0.028125
0 0.421521 0.879687 0.032815 0.031250
0 0.449646 0.828906 0.026564 0.029687
0 0.463709 0.814844 0.026564 0.029687
0 0.525429 0.807031 0.018753 0.020312
0 0.551984 0.732812 0.021874 0.034375
0 0.097297 0.547656 0.025004 0.026563
0 0.099647 0.510156 0.029685 0.023438
0 0.158237 0.520313 0.018753 0.031250
0 0.202765 0.510938 0.029685 0.021875
0 0.413710 0.359375 0.035936 0.028125
0 0.387926 0.412500 0.028125 0.028125
0 0.393397 0.453125 0.023434 0.037500
0 0.416051 0.405469 0.031246 0.026563
0 0.589490 0.450000 0.031246 0.034375
0 0.480112 0.245312 0.031246 0.031250
0 0.520738 0.250000 0.037497 0.018750
0 0.522299 0.278125 0.037497 0.031250
0 0.614485 0.227344 0.031246 0.029688
0 0.676205 0.983594 0.026564 0.032812
0 0.690267 0.860156 0.026564 0.029687
0 0.694958 0.826562 0.023434 0.031250
0 0.633238 0.825781 0.025004 0.029687
0 0.630117 0.778125 0.031246 0.021875
0 0.661362 0.659375 0.028125 0.025000
0 0.827771 0.643750 0.029685 0.028125
0 0.840273 0.692187 0.035936 0.037500
0 0.983237 0.678906 0.031246 0.026562
0 0.984585 0.510156 0.030830 0.032813
0 0.882460 0.540625 0.032815 0.034375
0 0.829331 0.510938 0.023434 0.021875
0 0.784023 0.480469 0.035936 0.029688
0 0.713702 0.587500 0.035936 0.031250
0 0.740266 0.492969 0.026564 0.026562
0 0.634798 0.457812 0.031246 0.025000
0 0.691048 0.123437 0.018753 0.031250
0 0.644179 0.157031 0.034376 0.032812