0 0.303554 0.988281 0.043748 0.023438
0 0.302773 0.954687 0.039066 0.031250
0 0.285581 0.896875 0.039066 0.034375
0 0.108240 0.946875 0.040627 0.031250
0 0.105110 0.911719 0.040627 0.029688
0 0.048861 0.864062 0.034376 0.025000
0 0.087927 0.794531 0.031246 0.026563
0 0.129334 0.789062 0.035936 0.034375
0 0.109801 0.744531 0.028125 0.026563
0 0.237143 0.763281 0.035936 0.032812
0 0.208238 0.867188 0.031246 0.031250
0 0.234022 0.689062 0.039066 0.018750
0 0.232452 0.708594 0.042187 0.023437
0 0.204327 0.664062 0.032815 0.028125
0 0.201987 0.600781 0.037497 0.035937
0 0.038709 0.609375 0.042187 0.025000
0 0.287921 0.587500 0.031246 0.031250
0 0.290271 0.552344 0.032815 0.029688
0 0.321517 0.560937 0.029685 0.034375
0 0.359023 0.562500 0.045308 0.034375
0 0.081676 0.349219 0.028125 0.023437
0 0.105110 0.366406 0.031246 0.032812
0 0.126984 0.310937 0.028125 0.037500
0 0.091048 0.448437 0.037497 0.025000
0 0.025426 0.415625 0.034376 0.028125
0 0.744179 0.567969 0.043748 0.039063
0 0.563708 0.538281 0.045308 0.029688
0 0.546515 0.512500 0.035936 0.021875
0 0.570739 0.490625 0.037497 0.031250
0 0.555116 0.443750 0.034376 0.025000
0 0.586362 0.456250 0.034376 0.021875
0 0.632460 0.493750 0.035936 0.037500
0 0.682458 0.500781 0.026564 0.035937
0 0.670736 0.374219 0.043748 0.039063
0 0.718394 0.342969 0.035936 0.042188
0 0.831674 0.465625 0.034376 0.037500
0 0.825423 0.520312 0.034376 0.037500
0 0.893394 0.473437 0.045308 0.046875
0 0.836364 0.386719 0.040627 0.035937
0 0.993960 0.380469 0.012079 0.032812
0 0.990835 0.350000 0.018330 0.021875
0 0.984800 0.335156 0.021874 0.029688
0 0.957455 0.312500 0.032815 0.025000
0 0.938702 0.296094 0.029685 0.026563
0 0.974648 0.282813 0.029685 0.031250
0 0.251985 0.390625 0.018753 0.031250
0 0.278550 0.401563 0.025004 0.028125
0 0.291052 0.445313 0.021874 0.025000
0 0.323867 0.425781 0.012502 0.020312
0 0.655894 0.259375 0.032815 0.028125