0 0.067616 0.044531 0.075003 0.060937
0 0.269171 0.237500 0.075003 0.053125
0 0.302766 0.306250 0.073442 0.050000
0 0.068396 0.389063 0.051559 0.056250
0 0.012712 0.447656 0.025424 0.048437
0 0.167613 0.479687 0.065621 0.050000
0 0.025214 0.561719 0.050428 0.051563
0 0.094171 0.660937 0.065621 0.050000
0 0.130897 0.619531 0.048438 0.054688
0 0.158241 0.667969 0.040627 0.039063
0 0.201989 0.788281 0.084374 0.060937
0 0.353554 0.700000 0.065621 0.075000
0 0.241046 0.717969 0.049999 0.039063
0 0.550428 0.599219 0.071872 0.045312
0 0.499640 0.528125 0.042187 0.031250
0 0.391051 0.562500 0.034376 0.031250
0 0.425427 0.585937 0.037497 0.028125
0 0.559800 0.724219 0.068752 0.054688
0 0.560580 0.782812 0.070312 0.062500