0 0.444175 0.667188 0.037497 0.034375
0 0.464489 0.639844 0.028125 0.026563
0 0.443395 0.614062 0.023434 0.025000
0 0.622296 0.877344 0.031246 0.032812
0 0.455514 0.421679 0.031328 0.026316
0 0.450501 0.352130 0.028822 0.020050
0 0.382206 0.293233 0.022556 0.025063
0 0.342732 0.128446 0.016291 0.018797
0 0.583333 0.200501 0.016291 0.015038
0 0.555764 0.175439 0.023810 0.017544
0 0.885338 0.503133 0.021303 0.023810
0 0.833333 0.431078 0.020050 0.022556
0 0.858396 0.258145 0.020050 0.022556
0 0.801378 0.248747 0.028822 0.018797
0 0.769424 0.175439 0.022556 0.020050
0 0.300752 0.659774 0.022556 0.021303
0 0.458020 0.697995 0.021303 0.025063
0 0.550752 0.840852 0.031328 0.022556