0 0.213705 0.442187 0.035936 0.037500
0 0.250422 0.443750 0.037497 0.028125
0 0.258233 0.407813 0.040627 0.037500
0 0.396517 0.415625 0.039066 0.050000
0 0.447295 0.429688 0.031246 0.043750
0 0.440264 0.551562 0.039066 0.043750
0 0.429332 0.475781 0.042187 0.032813
0 0.592610 0.476563 0.037497 0.043750
0 0.730113 0.525781 0.043748 0.035938
0 0.773081 0.433594 0.020313 0.039063
0 0.392616 0.565625 0.049999 0.046875
0 0.360580 0.508594 0.048438 0.042187
0 0.301210 0.508594 0.039066 0.026562
0 0.324644 0.559375 0.051559 0.043750
0 0.137923 0.589844 0.046878 0.035937
0 0.280897 0.596875 0.039066 0.031250