0 0.323866 0.454687 0.040627 0.031250
0 0.406671 0.393750 0.028125 0.034375
0 0.445737 0.394531 0.037497 0.045312
0 0.493395 0.285156 0.035936 0.029688
0 0.378546 0.278906 0.043748 0.032812
0 0.519960 0.352344 0.023434 0.023437
0 0.536363 0.378906 0.043748 0.032812
0 0.558236 0.342187 0.040627 0.025000
0 0.666835 0.353906 0.048438 0.045312
0 0.667615 0.275000 0.049999 0.043750
0 0.547304 0.021875 0.034376 0.034375
0 0.386367 0.087500 0.028125 0.028125
0 0.574639 0.053125 0.035936 0.021875
0 0.666835 0.121094 0.042187 0.039063
0 0.719954 0.118750 0.045308 0.043750
0 0.739487 0.072656 0.059370 0.035937
0 0.827772 0.456250 0.032815 0.040625
0 0.870739 0.462500 0.021874 0.037500
0 0.937921 0.313281 0.034376 0.035937
0 0.971517 0.319531 0.026564 0.042188