0 0.536367 0.931250 0.037497 0.037500
0 0.503552 0.948437 0.031246 0.037500
0 0.578554 0.901562 0.043748 0.040625
0 0.605109 0.667969 0.021874 0.035938
0 0.582455 0.696094 0.035936 0.029688
0 0.110585 0.686719 0.029685 0.032812
0 0.173865 0.678906 0.034376 0.032812
0 0.180116 0.718750 0.034376 0.037500
0 0.252769 0.742969 0.026564 0.029688
0 0.091832 0.746875 0.032815 0.028125
0 0.681672 0.705469 0.031246 0.029688
0 0.697304 0.635156 0.028125 0.029688
0 0.775428 0.627344 0.028125 0.026562
0 0.048246 0.650376 0.016291 0.020050