0 0.422302 0.964063 0.034376 0.031250
0 0.012714 0.917188 0.025428 0.031250
0 0.469960 0.941406 0.048438 0.045312
0 0.525429 0.899219 0.034376 0.048438
0 0.709801 0.909375 0.046878 0.043750
0 0.701209 0.823438 0.042187 0.050000
0 0.705890 0.735740 0.051559 0.037896
0 0.644959 0.607813 0.051559 0.040625
0 0.483242 0.649219 0.040627 0.039062
0 0.303551 0.850000 0.040627 0.034375
0 0.801206 0.992969 0.051559 0.014062
0 0.713702 0.978125 0.039066 0.037500
0 0.979899 0.599219 0.040202 0.035938
0 0.011932 0.758594 0.023864 0.039062
0 0.166048 0.478125 0.046878 0.034375
0 0.130892 0.360937 0.023434 0.028125
0 0.034796 0.442969 0.031246 0.035938
0 0.362922 0.610156 0.037497 0.035938
0 0.474641 0.544531 0.039066 0.039062
0 0.471520 0.505469 0.032815 0.032812
0 0.425422 0.565625 0.034376 0.040625
0 0.684797 0.566406 0.037497 0.045312
0 0.912145 0.377953 0.042187 0.031595
0 0.951992 0.480152 0.043748 0.032178
0 0.836384 0.420312 0.043695 0.040625
0 0.723083 0.242969 0.032815 0.035938
0 0.078553 0.157812 0.025004 0.031250
0 0.345739 0.904687 0.043748 0.031250
0 0.160577 0.542188 0.035936 0.037500
0 0.126991 0.549219 0.028125 0.035938
0 0.861529 0.493734 0.026316 0.020050
0 0.843985 0.514411 0.028822 0.028822