0 0.362145 0.016406 0.048438 0.032812
0 0.961367 0.019531 0.031246 0.039062
0 0.978550 0.048437 0.031246 0.034375
0 0.815272 0.107812 0.042187 0.028125
0 0.584803 0.190625 0.037497 0.046875
0 0.182455 0.225781 0.026564 0.032812
0 0.204329 0.240625 0.035936 0.040625
0 0.535585 0.254688 0.045308 0.028125
0 0.643393 0.319531 0.045308 0.035938
0 0.694952 0.309375 0.035936 0.043750
0 0.748861 0.242188 0.028125 0.034375
0 0.794179 0.270313 0.034376 0.037500
0 0.811362 0.323438 0.028125 0.028125
0 0.892615 0.262500 0.037497 0.034375
0 0.951206 0.288281 0.032815 0.035938
0 0.909018 0.340625 0.026564 0.025000
0 0.990058 0.347656 0.019884 0.032812
0 0.996309 0.277344 0.007382 0.045312
0 0.986147 0.257031 0.027705 0.035938
0 0.360585 0.239844 0.029685 0.029688
0 0.291833 0.345313 0.026564 0.028125
0 0.084798 0.385156 0.037497 0.029688
0 0.066835 0.522656 0.032815 0.023438
0 0.109022 0.546094 0.026564 0.039062
0 0.098080 0.454687 0.023434 0.037500
0 0.207459 0.534375 0.045308 0.043750
0 0.438708 0.569531 0.039066 0.035938
0 0.537925 0.666406 0.028125 0.035938
0 0.720736 0.794531 0.034376 0.045312
0 0.960577 0.839844 0.042187 0.045312
0 0.962927 0.916406 0.034376 0.029688
0 0.755892 0.851563 0.032815 0.025000
0 0.759803 0.959375 0.028125 0.025000
0 0.248086 0.847656 0.026564 0.020312
0 0.222301 0.815625 0.031246 0.025000
0 0.184015 0.873438 0.032815 0.021875
0 0.137927 0.860938 0.025004 0.025000
0 0.097300 0.926563 0.028125 0.028125
0 0.228552 0.893750 0.025004 0.025000
0 0.333240 0.925000 0.025004 0.021875
0 0.083238 0.858594 0.025004 0.032812