0 0.393398 0.882031 0.035936 0.026563
0 0.398079 0.857812 0.029685 0.028125
0 0.328547 0.726562 0.025004 0.028125
0 0.451988 0.743750 0.034376 0.031250
0 0.404330 0.783594 0.035936 0.023437
0 0.548084 0.746094 0.029685 0.023437
0 0.497296 0.750000 0.028125 0.025000
0 0.580890 0.627344 0.039066 0.026562
0 0.580890 0.232031 0.035936 0.029688
0 0.544954 0.217969 0.035936 0.026562
0 0.510578 0.131250 0.032815 0.025000
0 0.455147 0.293476 0.015557 0.025548
0 0.666835 0.230469 0.023434 0.032812
0 0.895734 0.031583 0.034376 0.030584
0 0.985371 0.754386 0.029258 0.022556
0 0.987711 0.184375 0.024578 0.034375
0 0.967616 0.457812 0.037497 0.037500
0 0.880111 0.614844 0.028125 0.035938
0 0.830893 0.459375 0.039066 0.034375
0 0.801988 0.394531 0.031246 0.029688
0 0.874640 0.371875 0.035936 0.037500
0 0.967616 0.353906 0.043748 0.039062
0 0.633459 0.168546 0.026316 0.026316
0 0.679198 0.264411 0.022556 0.022556
0 0.630326 0.268797 0.022556 0.021303
0 0.473058 0.604637 0.018797 0.023810
0 0.316416 0.779449 0.016291 0.015038
0 0.286341 0.822682 0.023810 0.026316