0 0.314491 0.355469 0.040627 0.048437
0 0.760577 0.560838 0.039066 0.031450
0 0.774640 0.590625 0.035936 0.025000
0 0.861364 0.638281 0.037497 0.032812
0 0.894110 0.306391 0.036341 0.036341
0 0.937970 0.211153 0.028822 0.033835
0 0.711153 0.317669 0.018797 0.013784
0 0.718045 0.331454 0.015038 0.016291
0 0.730576 0.328947 0.015038 0.016291
0 0.783835 0.335840 0.018797 0.012531
0 0.793860 0.313283 0.016291 0.010025
0 0.793233 0.325188 0.022556 0.011278
0 0.769424 0.317043 0.015038 0.017544
0 0.763784 0.284461 0.013784 0.015038
0 0.112155 0.552632 0.026316 0.022556
0 0.434211 0.976817 0.068922 0.046366