0 0.732457 0.490625 0.045308 0.040625
0 0.756672 0.526562 0.053129 0.031250
0 0.851208 0.683594 0.039066 0.048437
0 0.894175 0.681250 0.046878 0.046875
0 0.480895 0.302344 0.045308 0.042188
0 0.409802 0.292969 0.043748 0.026563
0 0.022870 0.409375 0.045740 0.046875
0 0.083237 0.462500 0.049999 0.050000
0 0.316047 0.490625 0.059370 0.059375
0 0.435577 0.439063 0.070312 0.056250
0 0.366045 0.870312 0.059370 0.050000
0 0.430896 0.880469 0.039066 0.035937
0 0.556677 0.905469 0.068752 0.048437
0 0.060777 0.438596 0.038847 0.027569