0 0.043392 0.042188 0.054689 0.046875
0 0.040271 0.134375 0.051559 0.053125
0 0.162922 0.173437 0.049999 0.043750
0 0.225423 0.418750 0.031246 0.031250
0 0.151990 0.426563 0.037497 0.043750
0 0.205110 0.460156 0.025004 0.029688
0 0.274641 0.796094 0.042187 0.054688
0 0.277772 0.847656 0.042187 0.029688
0 0.456672 0.821875 0.046878 0.043750
0 0.330891 0.773438 0.042187 0.046875
0 0.317609 0.729688 0.040627 0.046875
0 0.409804 0.764062 0.031246 0.043750
0 0.439489 0.763281 0.031246 0.026563
0 0.446520 0.750781 0.048438 0.039063
0 0.490268 0.680469 0.032815 0.029688
0 0.464484 0.661719 0.043748 0.032812
0 0.372298 0.563281 0.053129 0.042188
0 0.315268 0.500000 0.039066 0.034375
0 0.458242 0.390625 0.037497 0.031250
0 0.474645 0.369531 0.039066 0.032812
0 0.508241 0.341406 0.034376 0.039063
0 0.469174 0.328906 0.034376 0.029688
0 0.961358 0.229687 0.031246 0.037500
0 0.962148 0.200000 0.039066 0.025000