0 0.038577 0.647341 0.035628 0.049068
0 0.255913 0.693750 0.032816 0.034375
0 0.298884 0.714844 0.037501 0.045312
0 0.362167 0.635156 0.042186 0.057812
0 0.652789 0.503906 0.042186 0.042188
0 0.709043 0.478906 0.045314 0.048438
0 0.809820 0.398437 0.031252 0.034375
0 0.849663 0.406117 0.026560 0.025266
0 0.819196 0.851563 0.040622 0.040625
0 0.768412 0.807031 0.029688 0.029688
0 0.706694 0.785156 0.043750 0.035938
0 0.682477 0.814062 0.035937 0.034375
0 0.733261 0.840625 0.025003 0.040625
0 0.901226 0.958594 0.045314 0.042188