0 0.625422 0.011719 0.025004 0.023438
0 0.600427 0.005469 0.028125 0.010938
0 0.711366 0.044531 0.037497 0.023437
0 0.691053 0.073438 0.046878 0.028125
0 0.623081 0.095312 0.039066 0.037500
0 0.578553 0.109375 0.031246 0.034375
0 0.826986 0.024219 0.031246 0.039063
0 0.962139 0.000781 0.029685 0.001562
0 0.967610 0.041406 0.034376 0.032812
0 0.856671 0.125000 0.034376 0.031250
0 0.776987 0.207812 0.031246 0.040625
0 0.819175 0.137500 0.025004 0.028125
0 0.662148 0.103125 0.023434 0.031250
0 0.419176 0.160156 0.034376 0.039063
0 0.552769 0.221875 0.035936 0.034375
0 0.405894 0.239844 0.035936 0.029688
0 0.367608 0.378125 0.031246 0.021875
0 0.399643 0.300000 0.039066 0.028125
0 0.338703 0.367969 0.032815 0.026563
0 0.331672 0.415625 0.043748 0.034375
0 0.726989 0.364063 0.034376 0.025000
0 0.875424 0.400781 0.049999 0.045312
0 0.985368 0.361719 0.029264 0.060937
0 0.358236 0.673437 0.046878 0.028125
0 0.355115 0.703125 0.043748 0.040625
0 0.510582 0.620312 0.035936 0.037500
0 0.473085 0.506250 0.032815 0.031250
0 0.433239 0.517969 0.037497 0.035937
0 0.522304 0.465625 0.028125 0.025000
0 0.551989 0.470313 0.028125 0.037500
0 0.966050 0.224219 0.037497 0.035937
0 0.547298 0.695312 0.046878 0.034375
0 0.776987 0.422656 0.037497 0.029688
0 0.748863 0.545312 0.034376 0.031250
0 0.476986 0.233594 0.028125 0.029688
0 0.338346 0.822682 0.027569 0.028822