0 0.433239 0.223438 0.040627 0.040625
0 0.477767 0.166406 0.042187 0.039062
0 0.645735 0.280469 0.040627 0.042188
0 0.689483 0.351563 0.056250 0.043750
0 0.740271 0.334375 0.035936 0.031250
0 0.780898 0.339844 0.042187 0.029688
0 0.055895 0.858594 0.048438 0.032812
0 0.236365 0.905469 0.046878 0.039062
0 0.299646 0.977344 0.045308 0.042188
0 0.354335 0.967187 0.060940 0.043750
0 0.902769 0.582813 0.048438 0.046875
0 0.919952 0.471094 0.032815 0.045312
0 0.912141 0.657031 0.032815 0.039062
0 0.918392 0.910938 0.029685 0.025000