0 0.157895 0.729227 0.042607 0.055330
0 0.142613 0.626563 0.056250 0.043750
0 0.270735 0.533594 0.046878 0.039063
0 0.090452 0.757519 0.048072 0.041353
0 0.991228 0.439844 0.017544 0.039063
0 0.874236 0.610156 0.061755 0.064063
0 0.826990 0.546094 0.049999 0.035938
0 0.606672 0.975000 0.059370 0.050000
0 0.573077 0.985937 0.051559 0.028125
0 0.163707 0.920312 0.064061 0.053125
0 0.157456 0.966406 0.064061 0.039062
0 0.088704 0.988281 0.054689 0.023438
0 0.520677 0.945489 0.036341 0.028822
0 0.877820 0.686090 0.051378 0.043860