0 0.344954 0.991406 0.045308 0.017188
0 0.352765 0.963281 0.054689 0.048437
0 0.177766 0.900000 0.048438 0.028125
0 0.177766 0.930469 0.026564 0.029688
0 0.277772 0.910937 0.035936 0.034375
0 0.298866 0.867188 0.037497 0.031250
0 0.282453 0.850781 0.039066 0.039063
0 0.354335 0.864844 0.032815 0.042188
0 0.341833 0.814062 0.035936 0.031250
0 0.371518 0.791406 0.029685 0.029688
0 0.631673 0.707812 0.031246 0.040625
0 0.609019 0.714844 0.035936 0.035937
0 0.735589 0.106516 0.032581 0.025063
0 0.739348 0.141604 0.030075 0.017544
0 0.695489 0.106516 0.015038 0.025063