0 0.537922 0.547656 0.046878 0.039063
0 0.577768 0.643750 0.051559 0.037500
0 0.373863 0.850781 0.034376 0.032812
0 0.414490 0.717969 0.040627 0.035937
0 0.694178 0.404687 0.040627 0.031250
0 0.653551 0.266406 0.037497 0.029688
0 0.528550 0.320312 0.037497 0.037500
0 0.295740 0.276562 0.040627 0.046875
0 0.310583 0.395313 0.035936 0.037500
0 0.207455 0.347656 0.045308 0.035937
0 0.169959 0.425000 0.029685 0.034375
0 0.151206 0.237500 0.039066 0.028125
0 0.176990 0.262500 0.043748 0.028125
0 0.109018 0.246094 0.039066 0.029688
0 0.112929 0.189844 0.037497 0.039063
0 0.070742 0.780469 0.025004 0.020312
0 0.027765 0.750000 0.026564 0.028125
0 0.816829 0.725781 0.029685 0.032812
0 0.191832 0.068750 0.039066 0.031250
0 0.583239 0.160937 0.034376 0.040625
0 0.555894 0.189062 0.032815 0.034375
0 0.501205 0.278125 0.026564 0.031250
0 0.504335 0.217187 0.029685 0.021875
0 0.383235 0.257813 0.037497 0.031250
0 0.851205 0.310156 0.032815 0.032812
0 0.931678 0.666406 0.034376 0.029688
0 0.697299 0.009375 0.028125 0.018750
0 0.555894 0.074219 0.032815 0.032812