0 0.756675 0.053125 0.028125 0.031250
0 0.758235 0.082031 0.021874 0.023438
0 0.712147 0.160937 0.020313 0.025000
0 0.706236 0.413937 0.029014 0.028376
0 0.663991 0.415694 0.032242 0.028262
0 0.965270 0.490625 0.039066 0.028125
0 0.168395 0.664844 0.029685 0.023438
0 0.772556 0.345238 0.028822 0.026316
0 0.820175 0.309524 0.023810 0.020050
0 0.787594 0.285714 0.021303 0.017544
0 0.028822 0.818296 0.047619 0.050125
0 0.426692 0.324561 0.021303 0.020050
0 0.507519 0.906015 0.020050 0.017544
0 0.555138 0.929825 0.022556 0.017544
0 0.562030 0.988095 0.016291 0.016291
0 0.543233 0.989975 0.018797 0.020050
0 0.521303 0.965539 0.020050 0.016291