0 0.208239 0.037500 0.040627 0.053125
0 0.018397 0.150000 0.032815 0.031250
0 0.209019 0.177344 0.039066 0.032812
0 0.176204 0.887500 0.039066 0.037500
0 0.701203 0.980469 0.026564 0.039062
0 0.815272 0.996875 0.039066 0.006250
0 0.812922 0.976563 0.031246 0.043750
0 0.727768 0.871875 0.035936 0.031250
0 0.742610 0.749219 0.028125 0.048438
0 0.269959 0.350000 0.023434 0.018750
0 0.280892 0.364062 0.032815 0.031250
0 0.337921 0.267188 0.043748 0.037500
0 0.291053 0.265625 0.037497 0.040625
0 0.404332 0.192188 0.035936 0.034375
0 0.284802 0.028906 0.025004 0.042188
0 0.379328 0.087500 0.032815 0.043750
0 0.584023 0.251563 0.039066 0.028125
0 0.942614 0.710156 0.034376 0.032812
0 0.976990 0.742969 0.031246 0.039062
0 0.900427 0.753906 0.028125 0.035938
0 0.850428 0.677344 0.037497 0.035938
0 0.934803 0.810156 0.037497 0.035938
0 0.946515 0.923438 0.032815 0.025000
0 0.908238 0.930469 0.028125 0.023438
0 0.932453 0.964844 0.026564 0.023438