0 0.256671 0.021094 0.053129 0.042187
0 0.251990 0.103125 0.046878 0.046875
0 0.308240 0.041406 0.040627 0.039063
0 0.444173 0.025781 0.034376 0.035937
0 0.519176 0.038281 0.056250 0.035937
0 0.530108 0.070312 0.037497 0.025000
0 0.508234 0.221094 0.056250 0.051563
0 0.430111 0.169531 0.040627 0.042188
0 0.280895 0.327344 0.048438 0.048437
0 0.656679 0.608594 0.043748 0.048437
0 0.856673 0.714062 0.043748 0.043750
0 0.841051 0.764062 0.043748 0.050000
0 0.776990 0.928906 0.049999 0.057812
0 0.616052 0.864844 0.046878 0.045312
0 0.618393 0.914844 0.057810 0.045312