0 0.794367 0.873137 0.055018 0.058688
0 0.400074 0.969580 0.044011 0.060840
0 0.466774 0.976365 0.046329 0.042957
0 0.588046 0.676906 0.056851 0.047681
0 0.517443 0.620056 0.040345 0.055019
0 0.456925 0.704419 0.051352 0.044013
0 0.395487 0.687912 0.049519 0.029344
0 0.029483 0.701662 0.058966 0.064187
0 0.017562 0.549450 0.035124 0.034844
0 0.104811 0.502688 0.036679 0.036681
0 0.815346 0.367179 0.030961 0.032604
0 0.831957 0.297674 0.034846 0.013895
0 0.789779 0.277112 0.027504 0.029344
0 0.836466 0.282581 0.031328 0.023810