0 0.146737 0.669537 0.031678 0.035994
0 0.114345 0.642175 0.030240 0.027356
0 0.043788 0.634256 0.035993 0.028794
0 0.138822 0.529150 0.035993 0.028794
0 0.116507 0.419006 0.034554 0.030237
0 0.202178 0.396688 0.041755 0.028794
0 0.220894 0.275744 0.038878 0.034556
0 0.081952 0.223188 0.037431 0.041756
0 0.065328 0.122924 0.027240 0.037827
0 0.117221 0.763125 0.033116 0.035994
0 0.967442 0.046806 0.031678 0.037437
0 0.852254 0.036731 0.040317 0.037437
0 0.765868 0.526269 0.040317 0.031675
0 0.702512 0.534194 0.037431 0.030237
0 0.619002 0.458600 0.031678 0.025919
0 0.534769 0.441325 0.038878 0.025919
0 0.482937 0.435563 0.030240 0.020156
0 0.510301 0.385169 0.027354 0.025919
0 0.554208 0.376531 0.025916 0.028794
0 0.445507 0.254144 0.027354 0.023038
0 0.401590 0.257025 0.034554 0.028794
0 0.619726 0.072006 0.027354 0.024475
0 0.584448 0.108725 0.037431 0.031675
0 0.529731 0.051131 0.028792 0.028794
0 0.634841 0.156237 0.028792 0.031675
0 0.662195 0.185031 0.037431 0.028794
0 0.662919 0.262063 0.035993 0.027356
0 0.651404 0.302381 0.030240 0.030237
0 0.883208 0.613381 0.033116 0.033119
0 0.678034 0.673131 0.025916 0.028794
0 0.610276 0.546992 0.025063 0.026316
0 0.530075 0.471805 0.027569 0.016291
0 0.363409 0.483083 0.022556 0.018797
0 0.321429 0.524436 0.026316 0.031328
0 0.340852 0.389098 0.025063 0.033835
0 0.274436 0.409148 0.032581 0.031328
0 0.096491 0.807644 0.030075 0.018797
0 0.441729 0.292607 0.028822 0.021303
0 0.457393 0.274436 0.025063 0.022556
0 0.407895 0.172306 0.031328 0.023810
0 0.375313 0.164787 0.026316 0.018797
0 0.255639 0.155388 0.025063 0.022556
0 0.738722 0.790100 0.023810 0.028822