0 0.767608 0.094531 0.031246 0.026563
0 0.742614 0.057031 0.031246 0.032812
0 0.673862 0.271875 0.043748 0.053125
0 0.302769 0.439844 0.045308 0.032812
0 0.089483 0.496875 0.046878 0.043750
0 0.041054 0.455469 0.037497 0.039063
0 0.116047 0.343750 0.043748 0.040625
0 0.012713 0.411719 0.025426 0.032812
0 0.885578 0.764062 0.035936 0.040625
0 0.844952 0.742969 0.051559 0.042188
0 0.419179 0.858594 0.025004 0.042188
0 0.417609 0.914062 0.034376 0.034375
0 0.437922 0.935937 0.037497 0.043750
0 0.194171 0.792188 0.031246 0.031250
0 0.011933 0.810937 0.023866 0.037500