0 0.303063 0.890625 0.029688 0.025000
0 0.321814 0.879687 0.023441 0.018750
0 0.185100 0.058594 0.028123 0.035938
0 0.782753 0.789062 0.039060 0.046875
0 0.834316 0.775000 0.032812 0.037500
0 0.810875 0.640625 0.023441 0.025000
0 0.819472 0.676562 0.040626 0.037500
0 0.839006 0.639844 0.026565 0.032812
0 0.831975 0.624219 0.024999 0.029688
0 0.738220 0.596875 0.028123 0.028125
0 0.715562 0.533594 0.023441 0.029688
0 0.634318 0.522656 0.035936 0.032812
0 0.612443 0.564062 0.026565 0.034375
0 0.374943 0.109492 0.029688 0.031015