0 0.951989 0.039844 0.031246 0.029688
0 0.983804 0.028125 0.032392 0.028125
0 0.570735 0.010937 0.031246 0.021874
0 0.027772 0.278125 0.032815 0.031250
0 0.105895 0.303125 0.048438 0.031250
0 0.076990 0.259375 0.037497 0.031250
0 0.030386 0.189476 0.030698 0.032076
0 0.576206 0.124219 0.023434 0.032812
0 0.544170 0.132812 0.040627 0.034375
0 0.375422 0.899219 0.034376 0.026563
0 0.401986 0.864062 0.031246 0.037500
0 0.430111 0.878906 0.031246 0.032812
0 0.987712 0.508594 0.024576 0.032812
0 0.965272 0.498437 0.035936 0.031250
0 0.990055 0.368750 0.019890 0.040625
0 0.909022 0.364063 0.032815 0.046875
0 0.882458 0.412500 0.035936 0.031250