0 0.184825 0.362500 0.049999 0.053125
0 0.224668 0.396875 0.045314 0.050000
0 0.253570 0.421875 0.031252 0.034375
0 0.239508 0.485938 0.046878 0.043750
0 0.199665 0.477344 0.045314 0.045312
0 0.186382 0.460156 0.043750 0.039062
0 0.369148 0.446875 0.043659 0.034375
0 0.287950 0.488281 0.034373 0.035938
0 0.555630 0.663144 0.041622 0.045587
0 0.777462 0.682331 0.029035 0.028822
0 0.837073 0.643484 0.032620 0.036341
0 0.360602 0.978125 0.045314 0.043750
0 0.434837 0.228070 0.020050 0.027569
0 0.390977 0.223684 0.017544 0.018797
0 0.481830 0.245614 0.018797 0.017544
0 0.252506 0.137845 0.021303 0.027569