0 0.055895 0.058594 0.048438 0.032812
0 0.198079 0.230469 0.057810 0.057812
0 0.236365 0.105469 0.046878 0.039062
0 0.299646 0.177344 0.045308 0.042188
0 0.354335 0.167187 0.060940 0.043750
0 0.918392 0.110937 0.029685 0.025000
0 0.728549 0.291406 0.031246 0.026562
0 0.755114 0.225000 0.037497 0.021875
0 0.784799 0.300781 0.031246 0.029688
0 0.767616 0.273437 0.034376 0.037500
0 0.388702 0.452344 0.042187 0.064062
0 0.369178 0.967187 0.034376 0.031250
0 0.749643 0.963281 0.032815 0.035937
0 0.792610 0.946875 0.031246 0.028125
0 0.901208 0.432812 0.032815 0.043750