0 0.094874 0.680944 0.039612 0.046212
0 0.040955 0.685665 0.059417 0.027971
0 0.036556 0.710650 0.055018 0.035212
0 0.035456 0.803081 0.048419 0.048413
0 0.092674 0.842694 0.052819 0.044012
0 0.019930 0.961531 0.039860 0.039612
0 0.023232 0.989569 0.046464 0.020862
0 0.541618 0.369544 0.035212 0.044012
0 0.526768 0.397989 0.038498 0.026078
0 0.292941 0.223194 0.039612 0.033013
0 0.245621 0.234200 0.037412 0.033013
0 0.626350 0.115362 0.046210 0.046212
0 0.528411 0.216594 0.039612 0.037413
0 0.486600 0.223194 0.039612 0.046212
0 0.501880 0.486216 0.021303 0.030075
0 0.493108 0.538847 0.023810 0.022556
0 0.432957 0.137845 0.026316 0.020050
0 0.839599 0.219925 0.032581 0.028822