0 0.762144 0.042187 0.048438 0.046875
0 0.703554 0.041406 0.043748 0.048438
0 0.494959 0.067187 0.060940 0.040625
0 0.430898 0.121875 0.035936 0.028125
0 0.423866 0.159375 0.046878 0.040625
0 0.357455 0.213281 0.048438 0.045312
0 0.284023 0.076562 0.029685 0.031250
0 0.530115 0.184375 0.043748 0.040625
0 0.530115 0.221094 0.031246 0.035938
0 0.516832 0.234375 0.048438 0.034375
0 0.513702 0.280469 0.035936 0.042188
0 0.507461 0.327344 0.045308 0.039062
0 0.467614 0.217188 0.046878 0.043750
0 0.471515 0.261719 0.057810 0.035938