0 0.010517 0.448437 0.021034 0.034375
0 0.015203 0.490625 0.030406 0.037500
0 0.014422 0.564062 0.028844 0.043750
0 0.303063 0.090625 0.029688 0.025000
0 0.321814 0.079688 0.023441 0.018750
0 0.444475 0.322656 0.037502 0.048437
0 0.464784 0.981250 0.034378 0.037500
0 0.474938 0.921094 0.051563 0.045312
0 0.358533 0.936719 0.034378 0.039063
0 0.409314 0.984375 0.045316 0.031250
0 0.631194 0.968750 0.045316 0.046875
0 0.757754 0.932812 0.051563 0.043750
0 0.746817 0.895312 0.032812 0.037500
0 0.917909 0.922656 0.046874 0.039063
0 0.848378 0.949219 0.045316 0.048437
0 0.763219 0.728125 0.034378 0.034375
0 0.535881 0.400781 0.045316 0.051563
0 0.902282 0.712500 0.037502 0.034375
0 0.856191 0.716406 0.039060 0.026563