0 0.518398 0.812500 0.032815 0.031250
0 0.034016 0.446094 0.032815 0.029687
0 0.612924 0.596875 0.028125 0.034375
0 0.575428 0.351563 0.028125 0.034375
0 0.603552 0.316406 0.028125 0.029687
0 0.191052 0.472656 0.025004 0.032812
0 0.148085 0.460938 0.026564 0.028125
0 0.571517 0.246094 0.032815 0.032812
0 0.503546 0.178125 0.025004 0.025000
0 0.550424 0.136719 0.034376 0.029687
0 0.538702 0.098437 0.026564 0.028125
0 0.421521 0.079687 0.032815 0.031250
0 0.449646 0.028906 0.026564 0.029687
0 0.463709 0.014844 0.026564 0.029687
0 0.525429 0.008594 0.018753 0.017187
0 0.730114 0.924219 0.021874 0.035938
0 0.820739 0.769531 0.031246 0.023438
0 0.876989 0.692969 0.034376 0.035937
0 0.858236 0.669531 0.031246 0.029687
0 0.789484 0.627344 0.037497 0.029687
0 0.685577 0.689844 0.035936 0.035937
0 0.685577 0.660938 0.026564 0.025000
0 0.653551 0.485938 0.031246 0.034375
0 0.774642 0.414844 0.042187 0.035937
0 0.787144 0.301562 0.032815 0.021875
0 0.798085 0.269531 0.045308 0.029687
0 0.734015 0.274219 0.032815 0.026562
0 0.636358 0.382813 0.028125 0.025000
0 0.673084 0.444531 0.026564 0.020312
0 0.676205 0.189063 0.026564 0.043750
0 0.690267 0.060156 0.026564 0.029687
0 0.694958 0.026563 0.023434 0.031250
0 0.633238 0.025781 0.025004 0.029687