0 0.117909 0.922656 0.046874 0.039063
0 0.048378 0.949219 0.045316 0.048437
0 0.102282 0.712500 0.037502 0.034375
0 0.056191 0.716406 0.039060 0.026563
0 0.244469 0.686719 0.037502 0.042188
0 0.324938 0.662500 0.032812 0.046875
0 0.382757 0.780469 0.035936 0.048437
0 0.887438 0.764844 0.035936 0.035937
0 0.322597 0.396875 0.037502 0.040625
0 0.275723 0.317187 0.043750 0.043750
0 0.608536 0.471094 0.034378 0.035937
0 0.614001 0.411719 0.032812 0.039063
0 0.661658 0.467187 0.043750 0.046875
0 0.725725 0.522656 0.031247 0.035937
0 0.842913 0.165625 0.037502 0.037500
0 0.925723 0.160937 0.034378 0.037500
0 0.889786 0.087500 0.028123 0.031250
0 0.949939 0.083594 0.026565 0.029688
0 0.920250 0.067969 0.020309 0.026563
0 0.835874 0.048438 0.039060 0.037500