0 0.440266 0.022656 0.029685 0.029688
0 0.473862 0.048438 0.034376 0.031250
0 0.401990 0.117969 0.034376 0.032812
0 0.407460 0.260937 0.048438 0.037500
0 0.201986 0.271875 0.037497 0.031250
0 0.443397 0.354687 0.045308 0.043750
0 0.500426 0.375000 0.031246 0.040625
0 0.559797 0.403906 0.040627 0.039063
0 0.341830 0.436719 0.032815 0.023437
0 0.186363 0.415625 0.040627 0.028125
0 0.507458 0.990625 0.032815 0.018750
0 0.474642 0.921875 0.029685 0.034375
0 0.715273 0.078906 0.045308 0.029688
0 0.676987 0.014844 0.034376 0.029688