0 0.087438 0.764844 0.035936 0.035937
0 0.692912 0.738281 0.034378 0.042188
0 0.687440 0.699219 0.026565 0.032812
0 0.617125 0.651562 0.042184 0.043750
0 0.524944 0.618750 0.035936 0.034375
0 0.491348 0.639844 0.031247 0.048437
0 0.532749 0.564062 0.048440 0.043750
0 0.606971 0.519531 0.034378 0.035937
0 0.042913 0.165625 0.037502 0.037500
0 0.125723 0.160937 0.034378 0.037500
0 0.211656 0.075781 0.037502 0.035937
0 0.240562 0.165625 0.035936 0.040625
0 0.478062 0.185156 0.042184 0.042188
0 0.518688 0.310156 0.032812 0.042188
0 0.704625 0.341406 0.035936 0.045312
0 0.589785 0.327344 0.034378 0.039063
0 0.089786 0.087500 0.028123 0.031250
0 0.149939 0.083594 0.026565 0.029688
0 0.120250 0.067969 0.020309 0.026563
0 0.035874 0.048438 0.039060 0.037500
0 0.986300 0.264844 0.027400 0.039063
0 0.863222 0.267969 0.040626 0.042188
0 0.934319 0.750781 0.035936 0.032812
0 0.960876 0.781250 0.032812 0.046875
0 0.806194 0.659375 0.048440 0.034375
0 0.805411 0.621094 0.043750 0.026563