0 0.027772 0.942187 0.032815 0.034375
0 0.070739 0.843750 0.025004 0.028125
0 0.083241 0.664062 0.037497 0.031250
0 0.088703 0.611719 0.032815 0.039063
0 0.187929 0.603906 0.034376 0.042188
0 0.262922 0.486719 0.043748 0.029688
0 0.266053 0.459375 0.040627 0.034375
0 0.141051 0.414063 0.031246 0.028125
0 0.166046 0.408594 0.031246 0.023437
0 0.113707 0.368750 0.035936 0.028125
0 0.101205 0.875781 0.026564 0.020312
0 0.073860 0.773438 0.018753 0.021875
0 0.117617 0.776562 0.025004 0.021875
0 0.277765 0.321875 0.032815 0.034375
0 0.268393 0.367187 0.029685 0.028125
0 0.290267 0.277344 0.026564 0.032812
0 0.258241 0.261719 0.025004 0.026563
0 0.298078 0.214844 0.029685 0.035937
0 0.539489 0.179687 0.043748 0.043750
0 0.457455 0.235937 0.035936 0.037500
0 0.399645 0.186719 0.023434 0.029688
0 0.226986 0.023438 0.034376 0.031250
0 0.255111 0.008594 0.040627 0.017187
0 0.330114 0.027344 0.031246 0.035937
0 0.482459 0.013281 0.035936 0.026562
0 0.448864 0.007812 0.040627 0.015624
0 0.437142 0.437500 0.032815 0.037500
0 0.467617 0.380469 0.034376 0.032812
0 0.337145 0.536719 0.035936 0.039063
0 0.712148 0.421875 0.042187 0.040625
0 0.885578 0.442187 0.035936 0.040625
0 0.817616 0.296094 0.034376 0.035937
0 0.767608 0.364063 0.034376 0.034375
0 0.651988 0.009375 0.034376 0.018750
0 0.876987 0.042188 0.028125 0.046875
0 0.755116 0.083594 0.031246 0.032812
0 0.983026 0.290625 0.033948 0.053125
0 0.847302 0.909375 0.037497 0.040625
0 0.929335 0.192969 0.054689 0.039063