0 0.116054 0.309375 0.028125 0.034375
0 0.134798 0.371094 0.025004 0.045312
0 0.105893 0.382813 0.023434 0.043750
0 0.066836 0.388281 0.026564 0.035937
0 0.210580 0.293750 0.032815 0.031250
0 0.251207 0.313281 0.032815 0.035937
0 0.237925 0.246094 0.031246 0.032812
0 0.266830 0.237500 0.026564 0.040625
0 0.185586 0.185156 0.035936 0.035937
0 0.441050 0.129687 0.046878 0.037500
0 0.555109 0.244531 0.040627 0.042188
0 0.592615 0.245312 0.037497 0.037500
0 0.624641 0.250000 0.032815 0.037500
0 0.552769 0.189062 0.048438 0.050000
0 0.609798 0.173437 0.037497 0.040625
0 0.585584 0.133594 0.039066 0.023437
0 0.839487 0.188281 0.043748 0.032812
0 0.927772 0.757812 0.029685 0.034375
0 0.759804 0.245312 0.034376 0.028125
0 0.716827 0.246875 0.048438 0.031250
0 0.695733 0.192187 0.037497 0.028125
0 0.739490 0.189062 0.037497 0.031250