0 0.198078 0.932812 0.035936 0.031250
0 0.235584 0.921875 0.035936 0.025000
0 0.205898 0.878906 0.039066 0.029688
0 0.373077 0.309375 0.023434 0.018750
0 0.395741 0.325000 0.031246 0.028125
0 0.424646 0.267969 0.032815 0.026563
0 0.462142 0.245312 0.029685 0.021875
0 0.618389 0.161719 0.029685 0.026563
0 0.641833 0.125000 0.026564 0.031250
0 0.784017 0.026562 0.029685 0.034375
0 0.794179 0.496875 0.040627 0.040625
0 0.883234 0.396875 0.021874 0.015625
0 0.906678 0.362500 0.031246 0.025000
0 0.921520 0.222656 0.023434 0.029688
0 0.896516 0.200000 0.035936 0.018750
0 0.917610 0.172656 0.037497 0.029688
0 0.908238 0.152344 0.037497 0.026563
0 0.894956 0.058594 0.032815 0.032812
0 0.979899 0.069531 0.040202 0.035937