0 0.332461 0.167187 0.051559 0.059375
0 0.328109 0.060156 0.019626 0.035937
0 0.401983 0.042969 0.034376 0.035937
0 0.387141 0.084375 0.045308 0.053125
0 0.351204 0.242187 0.054689 0.040625
0 0.300426 0.242969 0.040627 0.039063
0 0.296515 0.284375 0.042187 0.031250
0 0.354335 0.371875 0.032815 0.040625
0 0.415265 0.400000 0.067191 0.062500
0 0.462923 0.088281 0.046878 0.048437
0 0.634802 0.237500 0.059370 0.043750
0 0.570741 0.132031 0.046878 0.029688
0 0.633242 0.291406 0.065621 0.060937
0 0.600427 0.400000 0.059370 0.056250
0 0.471178 0.165414 0.027569 0.022556