0 0.015059 0.071875 0.030117 0.028125
0 0.010368 0.121094 0.020736 0.029688
0 0.062923 0.120312 0.031246 0.034375
0 0.168391 0.042969 0.032815 0.026563
0 0.350422 0.078125 0.043748 0.043750
0 0.634020 0.846094 0.042187 0.054688
0 0.751210 0.750781 0.042187 0.039063
0 0.530893 0.590625 0.039066 0.046875
0 0.398860 0.515625 0.043748 0.037500
0 0.088707 0.307031 0.039066 0.029688
0 0.696521 0.135937 0.048438 0.037500
0 0.962146 0.542187 0.039066 0.040625
0 0.982241 0.521875 0.035518 0.034375
0 0.908237 0.483594 0.028125 0.026563
0 0.984586 0.782812 0.030828 0.034375