0 0.076990 0.989844 0.031246 0.020312
0 0.041054 0.875781 0.028125 0.020312
0 0.322302 0.983594 0.034376 0.032812
0 0.250420 0.900000 0.040627 0.034375
0 0.536359 0.848438 0.034376 0.025000
0 0.514485 0.876562 0.043748 0.018750
0 0.571515 0.881250 0.026564 0.037500
0 0.591048 0.793750 0.028125 0.025000
0 0.246519 0.803906 0.042187 0.029688
0 0.911363 0.463281 0.034376 0.035938
0 0.155114 0.762500 0.018753 0.025000
0 0.305110 0.553125 0.043748 0.037500
0 0.347297 0.440625 0.034376 0.034375
0 0.016830 0.459375 0.029685 0.043750
0 0.052767 0.375000 0.032815 0.046875
0 0.053547 0.341406 0.025004 0.029688
0 0.060578 0.446875 0.026564 0.034375
0 0.113707 0.462500 0.032815 0.031250
0 0.510584 0.542969 0.029685 0.029688
0 0.562143 0.466406 0.029685 0.029688
0 0.612922 0.571875 0.028125 0.034375
0 0.737923 0.530469 0.031246 0.035938
0 0.813706 0.397656 0.029685 0.029688
0 0.413708 0.328125 0.023434 0.031250
0 0.456675 0.367187 0.037497 0.028125
0 0.363709 0.353125 0.035936 0.037500
0 0.445734 0.281250 0.040627 0.028125
0 0.323082 0.320313 0.032815 0.021875
0 0.284796 0.306250 0.025004 0.034375
0 0.242609 0.347656 0.028125 0.026562
0 0.238708 0.278906 0.035936 0.032812
0 0.196521 0.289844 0.026564 0.026562
0 0.194960 0.319531 0.020313 0.023438
0 0.262922 0.150000 0.040627 0.034375
0 0.329333 0.071875 0.045308 0.034375
0 0.381673 0.006250 0.025004 0.012500
0 0.416048 0.007813 0.028125 0.015625
0 0.606671 0.221875 0.031246 0.031250
0 0.709018 0.226563 0.032815 0.031250
0 0.993965 0.502344 0.012070 0.023438
0 0.013710 0.090625 0.023434 0.034375
0 0.723081 0.803125 0.032815 0.037500
0 0.841051 0.693750 0.018753 0.028125
0 0.926985 0.710156 0.025004 0.026562
0 0.670741 0.669531 0.028125 0.026562
0 0.586367 0.835937 0.021874 0.021875
0 0.708238 0.459375 0.028125 0.031250
0 0.198861 0.663281 0.031246 0.035938
0 0.162145 0.595312 0.026564 0.034375
0 0.214484 0.564844 0.031246 0.035938
0 0.116828 0.618750 0.032815 0.025000
0 0.505113 0.131250 0.021874 0.031250
0 0.562143 0.180469 0.026564 0.026562
0 0.529328 0.029687 0.023434 0.025000
0 0.499643 0.017969 0.029685 0.032812
0 0.301209 0.237500 0.029685 0.025000
0 0.494172 0.742188 0.040627 0.037500
0 0.537929 0.300000 0.021874 0.028125
0 0.503553 0.402344 0.021874 0.048438