0 0.059472 0.767969 0.053782 0.039063
0 0.183235 0.728906 0.034376 0.045312
0 0.296514 0.664844 0.035936 0.032812
0 0.262148 0.700781 0.048438 0.032812
0 0.141048 0.634375 0.049999 0.040625
0 0.059209 0.513281 0.026945 0.035937
0 0.316828 0.259375 0.045308 0.034375
0 0.099641 0.435156 0.042187 0.039063
0 0.270740 0.080469 0.031246 0.048437
0 0.451990 0.228906 0.025004 0.029688
0 0.612148 0.545312 0.035936 0.028125
0 0.595735 0.602344 0.031246 0.032812
0 0.540266 0.579688 0.023434 0.034375
0 0.526984 0.459375 0.037497 0.034375
0 0.555611 0.251118 0.029129 0.036611
0 0.557644 0.178906 0.032581 0.023437
0 0.759803 0.178125 0.040627 0.043750
0 0.734799 0.203906 0.037497 0.039063
0 0.692612 0.230469 0.037497 0.042188
0 0.677598 0.339462 0.039407 0.039826
0 0.795739 0.252344 0.040627 0.042188
0 0.948085 0.580469 0.039066 0.029688
0 0.947305 0.300000 0.028125 0.037500