0 0.788704 0.989062 0.042187 0.021875
0 0.823860 0.895312 0.037497 0.037500
0 0.804327 0.902344 0.029685 0.042188
0 0.839483 0.775000 0.043748 0.046875
0 0.597301 0.890625 0.043748 0.034375
0 0.854335 0.559375 0.029685 0.037500
0 0.854335 0.509375 0.035936 0.037500
0 0.807457 0.560937 0.032815 0.037500
0 0.653551 0.336719 0.037497 0.039063
0 0.636358 0.307812 0.037497 0.040625
0 0.705890 0.255469 0.042187 0.048437
0 0.501985 0.169531 0.028125 0.042188
0 0.777772 0.150000 0.026564 0.037500
0 0.891832 0.142187 0.039066 0.034375
0 0.923077 0.098437 0.026564 0.037500
0 0.979327 0.078125 0.039066 0.028125
0 0.987711 0.010937 0.024578 0.021874
0 0.923867 0.023438 0.031246 0.021875
0 0.781673 0.039062 0.037497 0.031250
0 0.753548 0.032812 0.025004 0.021875
0 0.761360 0.057031 0.021874 0.026563