0 0.673078 0.182813 0.048438 0.040625
0 0.461361 0.301563 0.053129 0.053125
0 0.288702 0.355469 0.054689 0.054688
0 0.255896 0.254688 0.057810 0.043750
0 0.219170 0.215625 0.062501 0.046875
0 0.189485 0.325000 0.046878 0.043750
0 0.150428 0.272656 0.049999 0.032812
0 0.029121 0.297656 0.058233 0.051562
0 0.150428 0.378125 0.040627 0.043750
0 0.125424 0.356250 0.049999 0.046875
0 0.081677 0.396094 0.037497 0.039062
0 0.122303 0.417969 0.040627 0.039062
0 0.183234 0.409375 0.040627 0.037500
0 0.212139 0.454687 0.035936 0.043750