0 0.012723 0.398437 0.025445 0.034375
0 0.049663 0.402344 0.026560 0.032812
0 0.019754 0.851563 0.039507 0.040625
0 0.237167 0.858594 0.045314 0.051562
0 0.213728 0.909375 0.042186 0.040625
0 0.101226 0.958594 0.045314 0.042188
0 0.316075 0.986719 0.049999 0.026562
0 0.367637 0.864844 0.043750 0.057812
0 0.442356 0.333359 0.040100 0.042657
0 0.466856 0.908594 0.048435 0.048438
0 0.566854 0.915625 0.035937 0.034375
0 0.699667 0.942188 0.039065 0.037500
0 0.613731 0.960938 0.051563 0.040625
0 0.694975 0.977344 0.051563 0.045312
0 0.841072 0.956250 0.053127 0.040625