0 0.751205 0.091406 0.060940 0.045312
0 0.524647 0.132031 0.042187 0.032812
0 0.494952 0.185156 0.057810 0.035938
0 0.255891 0.047656 0.045308 0.048438
0 0.178548 0.171875 0.056250 0.046875
0 0.124648 0.175781 0.039066 0.039062
0 0.266833 0.150000 0.032815 0.034375
0 0.356678 0.203125 0.043748 0.040625
0 0.451204 0.238281 0.032815 0.045312
0 0.494952 0.258594 0.045308 0.035938
0 0.579336 0.271094 0.045308 0.051562
0 0.512925 0.373437 0.037497 0.040625
0 0.146522 0.682812 0.042187 0.040625
0 0.191830 0.630469 0.045308 0.042188
0 0.256671 0.815625 0.053129 0.053125
0 0.251990 0.903125 0.046878 0.046875
0 0.434801 0.741406 0.043748 0.054688
0 0.308240 0.841406 0.040627 0.039063
0 0.444173 0.825781 0.034376 0.035937
0 0.519176 0.838281 0.056250 0.035937
0 0.530108 0.870312 0.037497 0.025000
0 0.435738 0.965447 0.029372 0.034019