0 0.984587 0.763281 0.030826 0.051563
0 0.945735 0.466406 0.043748 0.039063
0 0.809021 0.472656 0.045308 0.039063
0 0.701983 0.517187 0.049999 0.043750
0 0.600426 0.655469 0.040627 0.039063
0 0.244955 0.109375 0.029685 0.031250
0 0.239485 0.158594 0.031246 0.032812
0 0.250426 0.226563 0.025004 0.034375
0 0.231673 0.266406 0.028125 0.029688
0 0.284802 0.141406 0.025004 0.026563
0 0.298864 0.125000 0.021874 0.021875
0 0.314487 0.133594 0.025004 0.020312
0 0.547297 0.295313 0.034376 0.028125
0 0.608237 0.332813 0.031246 0.034375
0 0.694952 0.246875 0.026564 0.025000
0 0.698082 0.271875 0.032815 0.018750