0 0.011930 0.884375 0.023859 0.034375
0 0.046523 0.880469 0.045308 0.035937
0 0.044953 0.919531 0.051559 0.032812
0 0.105113 0.939062 0.046878 0.043750
0 0.204330 0.951562 0.042187 0.046875
0 0.245737 0.845312 0.043748 0.040625
0 0.176205 0.760156 0.035936 0.029688
0 0.132458 0.739062 0.023434 0.018750
0 0.110584 0.804688 0.032815 0.037500
0 0.773077 0.493750 0.032815 0.028125
0 0.764485 0.530469 0.046878 0.032812
0 0.673860 0.501563 0.037497 0.028125
0 0.632453 0.531250 0.035936 0.040625
0 0.359797 0.542969 0.043748 0.039063
0 0.351205 0.453906 0.032815 0.029688
0 0.328551 0.452344 0.043748 0.035937
0 0.287144 0.411719 0.035936 0.023437
0 0.194178 0.342187 0.031246 0.028125
0 0.369178 0.167187 0.034376 0.031250
0 0.406674 0.209375 0.040627 0.040625
0 0.523084 0.484375 0.045308 0.028125
0 0.540267 0.466406 0.039066 0.017188
0 0.525425 0.435937 0.028125 0.018750
0 0.498080 0.375781 0.029685 0.026563
0 0.534796 0.380469 0.040627 0.039063
0 0.563711 0.337500 0.042187 0.037500
0 0.669959 0.436719 0.020313 0.029688
0 0.638704 0.406250 0.020313 0.028125
0 0.670739 0.404687 0.040627 0.031250
0 0.730110 0.427344 0.043748 0.029688
0 0.794960 0.385937 0.035936 0.028125
0 0.771517 0.356250 0.039066 0.028125
0 0.722298 0.317187 0.015623 0.018750
0 0.733240 0.215625 0.040627 0.040625
0 0.749643 0.163281 0.032815 0.035937
0 0.792610 0.146875 0.031246 0.028125
0 0.984803 0.548437 0.028125 0.028125
0 0.867168 0.422306 0.027569 0.025063