0 0.008808 0.501562 0.017616 0.046875
0 0.097299 0.600781 0.034376 0.032812
0 0.215269 0.645312 0.060940 0.062500
0 0.173862 0.650781 0.034376 0.035938
0 0.131675 0.656250 0.043748 0.037500
0 0.015839 0.663281 0.031678 0.045312
0 0.104331 0.732812 0.045308 0.046875
0 0.149648 0.708594 0.042187 0.045312
0 0.246515 0.759375 0.048438 0.053125
0 0.232453 0.819531 0.060940 0.048437
0 0.354333 0.682031 0.042187 0.045312
0 0.343391 0.560937 0.035936 0.037500
0 0.415273 0.558594 0.042187 0.039062
0 0.513710 0.623437 0.060940 0.050000
0 0.504329 0.682031 0.048438 0.032812
0 0.405892 0.660156 0.035936 0.035938
0 0.573080 0.714062 0.048438 0.037500
0 0.522302 0.774219 0.031246 0.035937
0 0.656675 0.642187 0.049999 0.043750
0 0.726206 0.617969 0.051559 0.045312
0 0.798079 0.654687 0.035936 0.034375
0 0.910578 0.644531 0.035936 0.051562
0 0.942613 0.671094 0.031246 0.042188
0 0.994746 0.659375 0.010508 0.043750
0 0.979120 0.759375 0.041759 0.050000
0 0.923860 0.751562 0.040627 0.040625
0 0.891834 0.710156 0.045308 0.032812