0 0.734019 0.109375 0.051559 0.050000
0 0.939484 0.021094 0.053129 0.042188
0 0.559799 0.221875 0.059370 0.056250
0 0.616049 0.321094 0.043748 0.035937
0 0.648864 0.357031 0.049999 0.051563
0 0.615268 0.393750 0.054689 0.053125
0 0.525423 0.500000 0.059370 0.050000
0 0.860580 0.168750 0.035936 0.040625
0 0.056673 0.714062 0.043748 0.043750
0 0.041051 0.764062 0.043748 0.050000
0 0.488707 0.935937 0.067191 0.071875
0 0.381678 0.772656 0.071872 0.060937
0 0.423085 0.721875 0.073442 0.059375
0 0.469174 0.684375 0.037497 0.037500
0 0.559019 0.720312 0.054689 0.062500
0 0.612928 0.811719 0.040627 0.051563
0 0.626210 0.777344 0.032815 0.032812
0 0.651205 0.805469 0.032815 0.051563
0 0.669177 0.610937 0.040627 0.046875
0 0.695742 0.496094 0.037497 0.045312
0 0.698863 0.417187 0.031246 0.028125
0 0.847298 0.499219 0.075003 0.054688
0 0.868392 0.591406 0.051559 0.060937
0 0.780116 0.557812 0.056250 0.056250
0 0.766054 0.607812 0.037497 0.046875
0 0.796519 0.609375 0.026564 0.059375
0 0.825424 0.633594 0.034376 0.051563
0 0.856679 0.675781 0.056250 0.054688
0 0.783237 0.738281 0.043748 0.042188
0 0.748861 0.671094 0.056250 0.057812
0 0.719176 0.751562 0.028125 0.031250
0 0.677769 0.852344 0.039066 0.029688
0 0.781677 0.867188 0.037497 0.043750
0 0.812142 0.875781 0.039066 0.045312
0 0.852769 0.878906 0.039066 0.057812
0 0.811362 0.823438 0.046878 0.059375
0 0.919170 0.883594 0.043748 0.045312
0 0.679198 0.010025 0.037594 0.020050