0 0.569179 0.277344 0.059370 0.045312
0 0.144800 0.156250 0.051253 0.053125
0 0.207458 0.218750 0.057810 0.040625
0 0.814491 0.357812 0.043748 0.034375
0 0.649749 0.255639 0.033835 0.025063
0 0.656642 0.338972 0.032581 0.033835
0 0.706140 0.372180 0.033835 0.040100
0 0.229323 0.544486 0.027569 0.023810
0 0.465539 0.654135 0.031328 0.022556
0 0.547619 0.714286 0.032581 0.022556
0 0.414787 0.756266 0.020050 0.031328
0 0.555138 0.754386 0.027569 0.027569
0 0.536967 0.618421 0.026316 0.023810
0 0.048246 0.295113 0.023810 0.036341
0 0.187343 0.337719 0.028822 0.046366
0 0.335840 0.372180 0.022556 0.045113
0 0.879699 0.280702 0.025063 0.032581
0 0.822055 0.241855 0.030075 0.022556