0 0.091832 0.942187 0.039066 0.034375
0 0.123077 0.898437 0.026564 0.037500
0 0.173882 0.879678 0.028176 0.025020
0 0.259020 0.785938 0.051559 0.043750
0 0.443605 0.792270 0.042614 0.047039
0 0.190268 0.745312 0.039066 0.034375
0 0.193389 0.803906 0.035936 0.035937
0 0.123867 0.823438 0.031246 0.021875
0 0.048084 0.710938 0.026564 0.034375
0 0.130898 0.746875 0.029685 0.034375
0 0.091051 0.792969 0.015623 0.023437
0 0.063707 0.780469 0.026564 0.026563
0 0.245738 0.641406 0.040627 0.042188
0 0.563702 0.578906 0.035936 0.048437
0 0.089491 0.623437 0.031246 0.034375
0 0.162144 0.653906 0.039066 0.026563
0 0.145741 0.612500 0.031246 0.031250
0 0.134799 0.587500 0.034376 0.028125
0 0.194959 0.547656 0.029685 0.039063
0 0.226205 0.525000 0.035936 0.037500
0 0.191049 0.463281 0.031246 0.026563
0 0.447302 0.316406 0.043748 0.048437
0 0.022087 0.018750 0.044174 0.037500
0 0.070738 0.106250 0.049999 0.037500
0 0.176986 0.196094 0.034376 0.032812
0 0.487929 0.128906 0.059370 0.045312
0 0.555111 0.055469 0.034376 0.042188
0 0.439491 0.042188 0.043748 0.043750
0 0.581675 0.307031 0.028125 0.032812
0 0.817615 0.497656 0.034376 0.042188
0 0.428549 0.007812 0.031246 0.015624
0 0.669180 0.300781 0.037497 0.032812
0 0.152882 0.390351 0.017544 0.021303
0 0.176065 0.380952 0.023810 0.022556
0 0.162907 0.364662 0.015038 0.015038
0 0.931704 0.563283 0.021303 0.023810
0 0.020677 0.171679 0.021303 0.032581