0 0.012715 0.613281 0.025430 0.035938
0 0.036362 0.580469 0.034376 0.042188
0 0.338704 0.554687 0.045308 0.043750
0 0.298867 0.484375 0.031246 0.028125
0 0.376990 0.546875 0.062501 0.037500
0 0.366829 0.585156 0.060940 0.032812
0 0.792611 0.567969 0.056250 0.039062
0 0.591047 0.552344 0.043748 0.029688
0 0.932455 0.764844 0.048438 0.048437
0 0.919953 0.652344 0.039066 0.035938
0 0.580895 0.607031 0.032815 0.026562
0 0.396617 0.334586 0.021303 0.030075
0 0.375313 0.330201 0.021303 0.018797
0 0.379699 0.370301 0.022556 0.031328