0 0.577773 0.471094 0.023434 0.026563
0 0.585585 0.444531 0.023434 0.023437
0 0.529335 0.655469 0.026564 0.042188
0 0.476206 0.621094 0.042187 0.042188
0 0.382460 0.626562 0.035936 0.034375
0 0.341833 0.669531 0.035936 0.039063
0 0.010367 0.817187 0.020734 0.034375
0 0.025429 0.798438 0.037497 0.021875
0 0.216832 0.785937 0.032815 0.037500
0 0.112144 0.822656 0.039066 0.026563
0 0.181676 0.908594 0.040627 0.045312
0 0.226984 0.866406 0.034376 0.029688
0 0.273082 0.885938 0.032815 0.037500
0 0.236365 0.817187 0.031246 0.025000
0 0.324641 0.828125 0.042187 0.037500
0 0.516833 0.853125 0.042187 0.040625
0 0.618391 0.890625 0.045308 0.046875