0 0.014276 0.095312 0.028552 0.028125
0 0.011151 0.557812 0.022301 0.031250
0 0.039484 0.569531 0.037497 0.035938
0 0.059018 0.566406 0.039066 0.045312
0 0.107456 0.592187 0.035936 0.040625
0 0.210583 0.792969 0.048438 0.039063
0 0.515265 0.818750 0.048438 0.043750
0 0.546520 0.861719 0.045308 0.042188
0 0.612142 0.878906 0.039066 0.029688
0 0.618393 0.849219 0.035936 0.026563
0 0.699646 0.801562 0.029685 0.034375
0 0.737923 0.804688 0.034376 0.040625
0 0.687925 0.740625 0.040627 0.031250
0 0.634016 0.706250 0.048438 0.034375
0 0.050426 0.971875 0.025004 0.031250