0 0.459804 0.989844 0.031246 0.020312
0 0.455894 0.955469 0.035936 0.032812
0 0.537927 0.928125 0.040627 0.028125
0 0.590267 0.925781 0.042187 0.023438
0 0.577765 0.960938 0.020313 0.021875
0 0.581675 0.990625 0.028125 0.018750
0 0.605889 0.985937 0.032815 0.028125
0 0.592617 0.895312 0.040627 0.031250
0 0.544959 0.806250 0.029685 0.034375
0 0.597298 0.813281 0.028125 0.039062
0 0.623862 0.801562 0.028125 0.028125
0 0.654328 0.793750 0.032815 0.028125
0 0.638705 0.739063 0.039066 0.031250
0 0.651987 0.700781 0.040627 0.032812
0 0.820736 0.775781 0.040627 0.026562
0 0.751984 0.741406 0.034376 0.029688
0 0.809804 0.731250 0.034376 0.028125