0 0.693390 0.975000 0.042187 0.050000
0 0.941735 0.731250 0.051366 0.053125
0 0.932460 0.636078 0.042187 0.046593
0 0.985646 0.614497 0.026430 0.033506
0 0.776519 0.676286 0.033428 0.044302
0 0.793396 0.555469 0.042187 0.051563
0 0.730115 0.560937 0.040627 0.053125
0 0.346520 0.990625 0.048438 0.018750
0 0.376986 0.342187 0.031246 0.034375
0 0.404330 0.344531 0.032815 0.032812
0 0.416832 0.303906 0.032815 0.026563
0 0.316835 0.213281 0.029685 0.035937
0 0.363703 0.157031 0.048438 0.042188
0 0.359022 0.374219 0.042187 0.029688
0 0.313705 0.328906 0.026564 0.029688
0 0.292611 0.388281 0.028125 0.026563
0 0.291051 0.355469 0.028125 0.026563
0 0.234801 0.332813 0.037497 0.031250
0 0.118392 0.365625 0.032815 0.018750
0 0.170740 0.329687 0.028125 0.034375
0 0.157458 0.384375 0.029685 0.031250
0 0.224640 0.371094 0.017183 0.029688
0 0.251204 0.389063 0.026564 0.037500
0 0.113710 0.857812 0.026564 0.028125
0 0.284020 0.839062 0.026564 0.031250
0 0.246523 0.828906 0.023434 0.023437
0 0.244953 0.851562 0.032815 0.021875
0 0.025426 0.476563 0.037497 0.031250
0 0.873080 0.596875 0.026564 0.025000
0 0.612145 0.524219 0.032815 0.029688
0 0.627768 0.506250 0.026564 0.031250
0 0.048860 0.075781 0.031246 0.035937
0 0.100428 0.018750 0.034376 0.028125
0 0.489485 0.239844 0.031246 0.035937
0 0.551985 0.306250 0.040627 0.043750
0 0.547304 0.208594 0.040627 0.042188
0 0.530892 0.167187 0.029685 0.025000
0 0.526211 0.150781 0.029685 0.020312
0 0.524641 0.125000 0.035936 0.040625
0 0.532452 0.050781 0.035936 0.035937
0 0.407460 0.014062 0.023434 0.028124
0 0.575429 0.944531 0.028125 0.023437
0 0.599643 0.930469 0.023434 0.029688
0 0.845735 0.112500 0.034376 0.034375
0 0.959015 0.034375 0.039066 0.043750
0 0.773083 0.410156 0.032815 0.035937
0 0.941051 0.346875 0.031246 0.034375
0 0.874640 0.417969 0.032815 0.032812
0 0.672296 0.398437 0.037497 0.031250
0 0.238095 0.069549 0.022556 0.018797
0 0.226190 0.100251 0.021303 0.017544
0 0.337719 0.096491 0.021303 0.022556
0 0.088346 0.277569 0.023810 0.023810
0 0.419799 0.667293 0.027569 0.018797
0 0.229323 0.932331 0.020050 0.022556
0 0.459900 0.382832 0.022556 0.018797
0 0.441103 0.406642 0.022556 0.016291
0 0.320175 0.437970 0.028822 0.021303
0 0.305764 0.505013 0.030075 0.022556