0 0.275422 0.153125 0.049999 0.025000
0 0.300426 0.182031 0.037497 0.032812
0 0.330111 0.140625 0.034376 0.040625
0 0.410584 0.069531 0.035936 0.035937
0 0.367617 0.051562 0.028125 0.025000
0 0.265270 0.105469 0.045308 0.029688
0 0.049643 0.138281 0.045308 0.039063
0 0.019631 0.184471 0.025901 0.034567
0 0.134017 0.609375 0.035936 0.034375
0 0.285583 0.628906 0.029685 0.026563
0 0.305896 0.601562 0.029685 0.034375
0 0.569808 0.201635 0.039364 0.037355
0 0.176065 0.182957 0.028822 0.022556
0 0.212406 0.162907 0.041353 0.022556