0 0.492617 0.293750 0.034376 0.025000
0 0.491828 0.260156 0.029685 0.026562
0 0.316416 0.525689 0.023810 0.021303
0 0.284461 0.510652 0.020050 0.021303
0 0.273810 0.499373 0.021303 0.018797
0 0.247494 0.504386 0.018797 0.018797
0 0.218045 0.486216 0.015038 0.012531
0 0.194236 0.406642 0.020050 0.018797
0 0.221805 0.356516 0.015038 0.016291
0 0.163534 0.348371 0.011278 0.015038
0 0.380326 0.586466 0.018797 0.012531
0 0.386591 0.613409 0.023810 0.016291
0 0.372180 0.592105 0.020050 0.018797
0 0.381579 0.664160 0.026316 0.020050
0 0.328947 0.697995 0.016291 0.017544
0 0.219298 0.302005 0.012531 0.012531
0 0.207393 0.312657 0.013784 0.016291
0 0.144110 0.093358 0.012531 0.016291
0 0.253133 0.126566 0.020050 0.015038
0 0.202381 0.464286 0.018797 0.013784
0 0.196742 0.432957 0.020050 0.013784
0 0.172932 0.328947 0.015038 0.016291