0 0.013795 0.255013 0.027590 0.053181
0 0.000043 0.209163 0.000086 0.042181
0 0.179809 0.199075 0.040345 0.047681
0 0.088112 0.043194 0.044011 0.029344
0 0.097286 0.068869 0.047686 0.036681
0 0.129378 0.088125 0.045844 0.038513
0 0.234827 0.018438 0.047686 0.034844
0 0.285258 0.111962 0.060517 0.045850
0 0.351284 0.047775 0.049519 0.042181
0 0.398970 0.096375 0.053185 0.044012
0 0.383375 0.142225 0.047686 0.040344
0 0.474161 0.155981 0.027504 0.038513
0 0.514505 0.163312 0.045844 0.053181
0 0.901246 0.131874 0.027083 0.026979
0 0.765749 0.059700 0.038512 0.036681