0 0.144396 0.360706 0.053054 0.055019
0 0.593377 0.169125 0.039301 0.045194
0 0.537381 0.212356 0.049124 0.033406
0 0.532465 0.245756 0.055018 0.041262
0 0.434216 0.812657 0.047160 0.036341
0 0.718045 0.587093 0.035088 0.028822
0 0.656015 0.658521 0.031328 0.036341
0 0.612155 0.674185 0.038847 0.030075
0 0.465539 0.685464 0.018797 0.020050
0 0.728697 0.651629 0.021303 0.020050
0 0.703634 0.660401 0.028822 0.032581
0 0.732456 0.678571 0.031328 0.031328
0 0.767544 0.750000 0.028822 0.033835
0 0.717419 0.768797 0.026316 0.033835
0 0.256892 0.130326 0.030075 0.022556
0 0.384085 0.837719 0.031328 0.021303
0 0.848997 0.742481 0.033835 0.031328