0 0.301535 0.439919 0.064222 0.069687
0 0.158500 0.264781 0.056851 0.053181
0 0.328142 0.306044 0.036679 0.040344
0 0.297883 0.241856 0.042178 0.051350
0 0.347393 0.176756 0.034846 0.053181
0 0.340061 0.058462 0.049519 0.066019
0 0.251118 0.205181 0.040345 0.044012
0 0.206186 0.196925 0.034846 0.027506
0 0.212606 0.153831 0.055018 0.055019
0 0.167674 0.171250 0.049519 0.045850
0 0.103482 0.110731 0.042178 0.049519
0 0.062225 0.108900 0.047686 0.045850
0 0.216272 0.044712 0.036679 0.042181
0 0.774698 0.379400 0.045844 0.044012