0 0.254334 0.406250 0.042187 0.040625
0 0.291051 0.401562 0.037497 0.034375
0 0.357452 0.424219 0.032815 0.026562
0 0.387147 0.423437 0.039066 0.037500
0 0.449648 0.535937 0.029685 0.037500
0 0.487144 0.528125 0.035936 0.040625
0 0.103549 0.928906 0.049999 0.042188
0 0.106679 0.889062 0.034376 0.034375
0 0.325427 0.896417 0.046878 0.025916
0 0.395528 0.882223 0.031657 0.042571
0 0.425424 0.860156 0.031246 0.035937
0 0.494956 0.873437 0.029685 0.037500
0 0.470741 0.947656 0.037497 0.035937
0 0.441729 0.288221 0.036341 0.037594