0 0.199645 0.760938 0.042187 0.031250
0 0.259016 0.671094 0.032815 0.029688
0 0.480893 0.603906 0.026564 0.029688
0 0.432455 0.873437 0.039066 0.037500
0 0.016619 0.835156 0.033237 0.045312
0 0.048860 0.799219 0.037497 0.035937
0 0.129333 0.950781 0.029685 0.035937
0 0.395739 0.975000 0.028125 0.025000
0 0.482454 0.953125 0.032815 0.031250
0 0.703551 0.932031 0.031246 0.026563
0 0.632459 0.862500 0.035936 0.037500
0 0.762141 0.736719 0.026564 0.026563
0 0.876990 0.990602 0.031246 0.018796
0 0.798077 0.955469 0.032815 0.029688
0 0.841054 0.875781 0.028125 0.020312
0 0.760581 0.883594 0.029685 0.023437
0 0.955114 0.762500 0.018753 0.025000
0 0.523861 0.521875 0.037497 0.037500
0 0.566828 0.458594 0.035936 0.045312
0 0.816830 0.459375 0.029685 0.043750
0 0.852767 0.375000 0.032815 0.046875
0 0.853547 0.341406 0.025004 0.029688
0 0.860578 0.446875 0.026564 0.034375
0 0.913707 0.462500 0.032815 0.031250
0 0.767612 0.482031 0.034376 0.032812
0 0.741828 0.485156 0.032815 0.023438
0 0.727765 0.514844 0.039066 0.032812
0 0.649642 0.514844 0.029685 0.029688
0 0.666835 0.556250 0.026564 0.037500
0 0.648862 0.564844 0.031246 0.020312
0 0.536363 0.639062 0.021874 0.028125
0 0.526211 0.723437 0.026564 0.025000
0 0.991619 0.289844 0.016761 0.026562
0 0.992402 0.319531 0.015196 0.023438
0 0.813710 0.090625 0.023434 0.034375
0 0.962145 0.595312 0.026564 0.034375
0 0.916828 0.618750 0.032815 0.025000
0 0.671516 0.426562 0.029685 0.031250
0 0.383237 0.715625 0.025004 0.031250
0 0.327767 0.628906 0.020313 0.029688