0 0.027772 0.456250 0.032815 0.040625
0 0.070739 0.462500 0.021874 0.037500
0 0.137921 0.313281 0.034376 0.035937
0 0.171517 0.319531 0.026564 0.042188
0 0.398085 0.306250 0.039066 0.040625
0 0.397295 0.235937 0.034376 0.040625
0 0.348867 0.234375 0.034376 0.025000
0 0.418398 0.376563 0.045308 0.040625
0 0.501983 0.379687 0.037497 0.037500
0 0.521516 0.410937 0.032815 0.043750
0 0.476208 0.466406 0.035936 0.048437
0 0.435582 0.479687 0.026564 0.025000
0 0.394175 0.538281 0.043748 0.029688
0 0.416048 0.551562 0.043748 0.043750
0 0.465267 0.632031 0.042187 0.035937
0 0.651988 0.662500 0.031246 0.031250
0 0.693395 0.657812 0.048438 0.046875
0 0.623864 0.360937 0.034376 0.034375
0 0.593398 0.325000 0.026564 0.021875
0 0.624644 0.317969 0.023434 0.026563
0 0.868395 0.259375 0.026564 0.031250
0 0.850422 0.201562 0.018753 0.025000
0 0.834019 0.204687 0.020313 0.021875
0 0.787922 0.183594 0.018753 0.032812