0 0.257453 0.638281 0.048438 0.048438
0 0.406678 0.664844 0.031246 0.035938
0 0.529329 0.707031 0.039066 0.045312
0 0.449645 0.754687 0.042187 0.037500
0 0.601202 0.693750 0.045308 0.040625
0 0.618394 0.816406 0.042187 0.039062
0 0.569956 0.775000 0.029685 0.037500
0 0.648079 0.808594 0.048438 0.035938
0 0.674644 0.671094 0.032815 0.035938
0 0.712921 0.667188 0.028125 0.028125
0 0.741835 0.685938 0.039066 0.031250
0 0.790273 0.735156 0.042187 0.039062
0 0.744956 0.804688 0.035936 0.037500
0 0.734804 0.874219 0.040627 0.032812
0 0.773861 0.849219 0.037497 0.035938
0 0.782452 0.901563 0.039066 0.040625
0 0.752767 0.907813 0.023434 0.037500
0 0.879329 0.741406 0.045308 0.035938
0 0.871517 0.708594 0.039066 0.035938
0 0.906673 0.699219 0.043748 0.035938