0 0.080111 0.589844 0.028125 0.026562
0 0.142612 0.686719 0.034376 0.023437
0 0.168396 0.720313 0.029685 0.031250
0 0.167616 0.595313 0.031246 0.034375
0 0.195741 0.537500 0.021874 0.025000
0 0.233237 0.540625 0.034376 0.034375
0 0.907452 0.401563 0.020313 0.028125
0 0.929335 0.332031 0.023434 0.020312
0 0.879327 0.428906 0.020313 0.032812
0 0.935577 0.500000 0.032815 0.028125
0 0.098864 0.115163 0.037497 0.030326
0 0.783241 0.211719 0.031246 0.042187
0 0.490271 0.511719 0.023434 0.026562
0 0.469177 0.421094 0.028125 0.032812
0 0.434021 0.429688 0.026564 0.037500
0 0.357458 0.463281 0.032815 0.032812
0 0.304511 0.761278 0.025063 0.023810