0 0.120739 0.047656 0.040627 0.045312
0 0.855895 0.058594 0.048438 0.032812
0 0.984587 0.238083 0.030826 0.042583
0 0.719172 0.729688 0.034376 0.037500
0 0.688706 0.716406 0.039066 0.032812
0 0.638708 0.682813 0.032815 0.025000
0 0.541051 0.710937 0.040627 0.031250
0 0.566046 0.770312 0.046878 0.031250
0 0.591830 0.718750 0.032815 0.028125
0 0.627766 0.792969 0.048438 0.048437
0 0.436363 0.843750 0.031246 0.037500
0 0.469179 0.782812 0.031246 0.031250
0 0.464488 0.756250 0.037497 0.028125
0 0.386365 0.928125 0.049999 0.037500
0 0.247301 0.928125 0.049999 0.034375
0 0.212925 0.939844 0.034376 0.035937
0 0.211365 0.908594 0.037497 0.020312
0 0.194172 0.885938 0.037497 0.025000
0 0.174648 0.932812 0.048438 0.037500
0 0.119959 0.921875 0.045308 0.031250
0 0.158521 0.974937 0.023810 0.022556