0 0.878547 0.445313 0.040627 0.037500
0 0.977764 0.417187 0.042187 0.037500
0 0.984589 0.440625 0.030822 0.028125
0 0.361359 0.474219 0.046878 0.029688
0 0.378552 0.508594 0.043748 0.032812
0 0.191050 0.490625 0.031246 0.034375
0 0.188709 0.535937 0.026564 0.031250
0 0.170737 0.577344 0.028125 0.026563
0 0.407457 0.758594 0.045308 0.035937
0 0.455895 0.821875 0.042187 0.034375
0 0.537139 0.785156 0.039066 0.045312
0 0.141051 0.651562 0.028125 0.031250
0 0.043395 0.975000 0.039066 0.040625
0 0.785581 0.937500 0.045308 0.034375