0 0.158239 0.452344 0.037497 0.042188
0 0.084797 0.411719 0.040627 0.032812
0 0.076985 0.321094 0.028125 0.035937
0 0.427765 0.404687 0.045308 0.037500
0 0.643392 0.444531 0.029685 0.026563
0 0.632460 0.420313 0.029685 0.025000
0 0.599644 0.407813 0.032815 0.021875
0 0.596523 0.375000 0.029685 0.025000
0 0.598084 0.348437 0.029685 0.028125
0 0.567609 0.341406 0.031246 0.029688
0 0.353552 0.208594 0.034376 0.032812
0 0.303554 0.192969 0.043748 0.032812
0 0.302773 0.154687 0.039066 0.031250
0 0.285581 0.096875 0.039066 0.034375
0 0.108240 0.146875 0.040627 0.031250
0 0.105110 0.111719 0.040627 0.029688
0 0.048861 0.064062 0.034376 0.025000
0 0.208238 0.067188 0.031246 0.031250