0 0.008028 0.382031 0.016056 0.042188
0 0.097300 0.405469 0.043748 0.045312
0 0.111363 0.364844 0.040627 0.039062
0 0.250426 0.420312 0.037497 0.037500
0 0.291833 0.450781 0.039066 0.026562
0 0.245736 0.356250 0.040627 0.043750
0 0.202768 0.292187 0.029685 0.037500
0 0.247296 0.242188 0.031246 0.037500
0 0.631671 0.764844 0.025004 0.045312
0 0.659016 0.767969 0.029685 0.032812
0 0.701983 0.785937 0.025004 0.025000
0 0.714485 0.749219 0.028125 0.026563
0 0.823864 0.797656 0.037497 0.026563
0 0.373867 0.317188 0.040627 0.037500
0 0.498859 0.537500 0.021874 0.034375