0 0.114138 0.834254 0.027776 0.024398
0 0.004979 0.614644 0.009958 0.028794
0 0.063951 0.600244 0.033116 0.028794
0 0.110021 0.595925 0.033116 0.031675
0 0.067551 0.532575 0.025916 0.028794
0 0.431106 0.729831 0.033116 0.025919
0 0.541969 0.706794 0.038878 0.037437
0 0.287840 0.544812 0.034554 0.035994
0 0.178415 0.691675 0.031678 0.030237
0 0.617564 0.673675 0.025916 0.028794
0 0.554208 0.623281 0.025916 0.023038
0 0.672996 0.776625 0.033116 0.033119
0 0.631965 0.818381 0.028792 0.033119
0 0.772345 0.853745 0.033116 0.031859
0 0.814099 0.761506 0.024478 0.034556
0 0.860893 0.745669 0.020154 0.025919
0 0.894733 0.793906 0.027354 0.024475
0 0.888247 0.878850 0.028792 0.021600
0 0.975356 0.734869 0.030240 0.030237
0 0.016291 0.589599 0.022556 0.021303
0 0.323308 0.123434 0.022556 0.021303
0 0.179825 0.546992 0.031328 0.026316