0 0.287923 0.739062 0.034376 0.021875
0 0.499648 0.667969 0.029685 0.029687
0 0.447300 0.514844 0.028125 0.029687
0 0.412924 0.512500 0.034376 0.025000
0 0.330890 0.475781 0.035936 0.035937
0 0.337921 0.415625 0.028125 0.031250
0 0.107452 0.401563 0.020313 0.028125
0 0.129335 0.332031 0.023434 0.020312
0 0.079327 0.428906 0.020313 0.032812
0 0.135577 0.500000 0.032815 0.028125
0 0.672298 0.340625 0.037497 0.037500
0 0.834016 0.446094 0.032815 0.029687
0 0.268797 0.213060 0.021303 0.030130
0 0.303546 0.167969 0.028125 0.035937
0 0.394171 0.319531 0.031246 0.035937
0 0.989275 0.472656 0.021450 0.032812
0 0.948085 0.460938 0.026564 0.028125
0 0.569960 0.785156 0.042187 0.023438
0 0.315267 0.679688 0.026564 0.028125