0 0.239487 0.638281 0.040627 0.051562
0 0.202991 0.497494 0.042639 0.030075
0 0.547299 0.793750 0.043748 0.046875
0 0.465265 0.717969 0.045308 0.051562
0 0.450423 0.240625 0.037497 0.031250
0 0.459804 0.198437 0.031246 0.037500
0 0.455894 0.155469 0.035936 0.032812
0 0.537927 0.128125 0.040627 0.028125
0 0.590267 0.125781 0.042187 0.023438
0 0.577765 0.160937 0.020313 0.021875
0 0.581675 0.192187 0.028125 0.021875
0 0.605889 0.186719 0.032815 0.029688
0 0.592617 0.095312 0.040627 0.031250
0 0.544959 0.011719 0.029685 0.023437
0 0.597298 0.016406 0.028125 0.032812
0 0.623862 0.007812 0.028125 0.015624
0 0.845740 0.834375 0.034376 0.043750
0 0.820736 0.861719 0.046878 0.039063
0 0.816055 0.717187 0.056250 0.053125
0 0.936365 0.825000 0.043748 0.046875