0 0.465269 0.264063 0.048438 0.046875
0 0.536361 0.284375 0.034376 0.031250
0 0.483242 0.402344 0.031246 0.045312
0 0.562145 0.382031 0.032815 0.039062
0 0.000212 0.482812 0.000424 0.037500
0 0.200424 0.630469 0.049999 0.045312
0 0.278547 0.568750 0.031246 0.037500
0 0.327766 0.688281 0.026564 0.032812
0 0.331676 0.779688 0.034376 0.043750
0 0.392616 0.678906 0.040627 0.035938
0 0.354330 0.564844 0.026564 0.032812
0 0.423862 0.975781 0.049999 0.032812
0 0.330116 0.929687 0.025004 0.025000
0 0.295740 0.934375 0.025004 0.028125
0 0.263705 0.924219 0.026564 0.020312
0 0.262925 0.942187 0.021874 0.021875
0 0.255113 0.980469 0.018753 0.029688
0 0.910585 0.686719 0.029685 0.032812
0 0.973865 0.678906 0.034376 0.032812
0 0.980116 0.718750 0.034376 0.037500
0 0.891832 0.746875 0.032815 0.028125