0 0.380116 0.035156 0.040627 0.035938
0 0.369954 0.085937 0.042187 0.025000
0 0.207457 0.105469 0.039066 0.032812
0 0.118392 0.110937 0.029685 0.025000
0 0.245733 0.262500 0.034376 0.025000
0 0.324646 0.261719 0.045308 0.035938
0 0.338709 0.191406 0.035936 0.032812
0 0.446517 0.221094 0.029685 0.026562
0 0.412142 0.236719 0.032815 0.035938
0 0.521520 0.185156 0.035936 0.029688
0 0.537143 0.082812 0.026564 0.034375
0 0.519960 0.292969 0.026564 0.035938
0 0.249644 0.744531 0.026564 0.035937
0 0.223079 0.757031 0.032815 0.029688
0 0.101208 0.432812 0.032815 0.043750
0 0.757460 0.101562 0.026564 0.028125
0 0.550425 0.223438 0.034376 0.034375
0 0.844955 0.482812 0.035936 0.040625
0 0.937921 0.395312 0.037497 0.025000
0 0.946522 0.373437 0.035936 0.021875
0 0.987714 0.438281 0.024572 0.029688
0 0.548084 0.856250 0.067191 0.053125
0 0.634019 0.838281 0.051559 0.051563
0 0.777773 0.816406 0.042187 0.045312
0 0.778554 0.900781 0.049999 0.057812
0 0.869674 0.941103 0.017544 0.047619
0 0.805138 0.934837 0.026316 0.020050