0 0.409015 0.017187 0.035936 0.034374
0 0.493389 0.432812 0.045308 0.040625
0 0.440270 0.303906 0.039066 0.035938
0 0.502771 0.289063 0.039066 0.034375
0 0.777768 0.453906 0.048438 0.045312
0 0.739491 0.410156 0.028125 0.026562
0 0.687922 0.369531 0.031246 0.023438
0 0.825426 0.600781 0.031246 0.032812
0 0.984022 0.919531 0.026564 0.039063
0 0.958238 0.888281 0.025004 0.032812
0 0.993184 0.852344 0.013632 0.032812
0 0.656677 0.179687 0.043748 0.050000
0 0.817614 0.344531 0.043748 0.026562
0 0.868393 0.319531 0.026564 0.026562
0 0.711366 0.833594 0.034376 0.023437
0 0.783238 0.781250 0.031246 0.028125