0 0.809803 0.769531 0.049999 0.035937
0 0.965269 0.813281 0.045308 0.057812
0 0.697304 0.880469 0.046878 0.032812
0 0.690272 0.848437 0.045308 0.028125
0 0.652766 0.953906 0.039066 0.042188
0 0.606678 0.960937 0.034376 0.046875
0 0.509022 0.821875 0.026564 0.040625
0 0.472296 0.861719 0.037497 0.035937
0 0.416836 0.829688 0.032815 0.043750
0 0.390271 0.827344 0.035936 0.032812
0 0.334802 0.564844 0.031246 0.026562
0 0.339483 0.504687 0.021874 0.028125
0 0.364487 0.564063 0.028125 0.018750
0 0.384801 0.591406 0.034376 0.032812