0 0.977135 0.289512 0.045730 0.050787
0 0.940518 0.256713 0.052903 0.044437
0 0.973965 0.226031 0.052070 0.046556
0 0.879155 0.128694 0.057133 0.042319
0 0.813561 0.246137 0.048673 0.052900
0 0.787110 0.275762 0.050788 0.048669
0 0.377646 0.558256 0.052903 0.042319
0 0.364956 0.493712 0.040204 0.044437
0 0.233760 0.495831 0.048673 0.035975
0 0.026387 0.458800 0.040204 0.038088
0 0.014780 0.497944 0.029559 0.027506
0 0.027439 0.570950 0.033859 0.025394
0 0.002082 0.476787 0.004164 0.031744
0 0.058121 0.477844 0.040204 0.046556
0 0.326867 0.156200 0.057133 0.046556
0 0.590311 0.157263 0.055018 0.044437
0 0.561745 0.126575 0.057133 0.042319
0 0.534240 0.155144 0.065603 0.044437
0 0.687648 0.054631 0.067718 0.055019
0 0.257034 0.123406 0.052903 0.065600
0 0.193556 0.069444 0.035974 0.063481
0 0.080343 0.160437 0.050788 0.038088
0 0.108396 0.094612 0.031328 0.023810