0 0.957834 0.853056 0.040204 0.031744
0 0.933497 0.827669 0.033859 0.040206
0 0.893294 0.697531 0.038089 0.038088
0 0.846745 0.845650 0.042319 0.055019
0 0.722956 0.758894 0.023274 0.055019
0 0.702850 0.741969 0.033859 0.050788
0 0.466910 0.829781 0.040204 0.052900
0 0.421414 0.823431 0.038089 0.048669
0 0.473255 0.894325 0.044434 0.046556
0 0.418236 0.941931 0.031744 0.052900
0 0.396024 0.892206 0.050788 0.050788
0 0.347351 0.850944 0.042319 0.048669
0 0.186536 0.773706 0.038089 0.038088
0 0.227792 0.744081 0.040204 0.050788
0 0.229907 0.679544 0.035974 0.048669
0 0.264828 0.667906 0.042319 0.046556
0 0.343121 0.660500 0.038089 0.052900
0 0.563194 0.467937 0.033859 0.044437
0 0.577999 0.405512 0.029629 0.033856
0 0.481724 0.378000 0.044434 0.050788
0 0.431998 0.013367 0.050788 0.026734
0 0.265881 0.040494 0.035974 0.048669
0 0.313492 0.046837 0.033859 0.040206
0 0.280696 0.515550 0.040204 0.050788
0 0.258474 0.593844 0.033859 0.042319
0 0.094482 0.618175 0.052903 0.048669
0 0.146323 0.655206 0.050788 0.050788