0 0.090151 0.036719 0.029926 0.042188
0 0.183237 0.142187 0.040627 0.034375
0 0.140270 0.277344 0.032815 0.032812
0 0.266051 0.134375 0.034376 0.034375
0 0.274643 0.087500 0.035936 0.040625
0 0.353546 0.121875 0.040627 0.037500
0 0.734021 0.250000 0.045308 0.050000
0 0.863703 0.222656 0.039066 0.051563
0 0.885577 0.297656 0.035936 0.045312
0 0.565272 0.135937 0.029685 0.034375
0 0.967611 0.378906 0.034376 0.048437
0 0.994745 0.395313 0.010510 0.043750
0 0.990837 0.337500 0.018326 0.025000
0 0.986931 0.301563 0.026138 0.037500
0 0.933235 0.234375 0.046878 0.046875
0 0.612155 0.176065 0.028822 0.036341
0 0.628446 0.189223 0.033835 0.032581
0 0.661028 0.283835 0.023810 0.026316