0 0.392614 0.948437 0.043748 0.034375
0 0.487141 0.923437 0.039066 0.037500
0 0.447303 0.981250 0.037497 0.025000
0 0.434021 0.934375 0.023434 0.028125
0 0.551202 0.900000 0.045308 0.034375
0 0.567614 0.926562 0.028125 0.025000
0 0.061358 0.440625 0.031246 0.037500
0 0.100425 0.441406 0.037497 0.039063
0 0.128549 0.446875 0.028125 0.037500
0 0.065269 0.381250 0.029685 0.037500
0 0.087142 0.319531 0.029685 0.035937
0 0.144952 0.353125 0.032815 0.031250
0 0.115267 0.379687 0.039066 0.034375
0 0.213704 0.440625 0.035936 0.025000
0 0.198081 0.391406 0.032815 0.035937
0 0.234017 0.388281 0.039066 0.035937
0 0.301989 0.462500 0.028125 0.040625
0 0.330894 0.391406 0.048438 0.035937