0 0.008806 0.964844 0.017612 0.035937
0 0.026985 0.946094 0.028125 0.039063
0 0.046518 0.976562 0.026564 0.034375
0 0.517608 0.774219 0.043748 0.039063
0 0.473861 0.624219 0.040627 0.039062
0 0.626987 0.480469 0.028125 0.032812
0 0.619955 0.447656 0.039066 0.048438
0 0.657452 0.487500 0.032815 0.028125
0 0.842613 0.355469 0.034376 0.045312
0 0.841053 0.310156 0.034376 0.032812
0 0.924647 0.237500 0.029685 0.031250
0 0.920737 0.203906 0.031246 0.032812
0 0.886361 0.203906 0.034376 0.035938
0 0.916046 0.114844 0.028125 0.035938
0 0.855115 0.122656 0.040627 0.029688
0 0.796516 0.111719 0.035936 0.035938
0 0.851985 0.043750 0.031246 0.040625
0 0.869178 0.005469 0.028125 0.010937