0 0.017609 0.743750 0.034376 0.034375
0 0.209802 0.798437 0.040627 0.028125
0 0.158233 0.746875 0.028125 0.028125
0 0.748083 0.908594 0.035936 0.029688
0 0.583235 0.524219 0.018753 0.023437
0 0.608239 0.553906 0.015623 0.017187
0 0.599648 0.580469 0.023434 0.026562
0 0.576204 0.572656 0.023434 0.026562
0 0.548079 0.598438 0.026564 0.021875
0 0.575424 0.610938 0.028125 0.025000
0 0.623082 0.601563 0.026564 0.025000
0 0.576984 0.751563 0.021874 0.021875
0 0.474647 0.802344 0.023434 0.026562
0 0.413706 0.838281 0.023434 0.029688
0 0.375430 0.942969 0.034376 0.032812
0 0.974642 0.913281 0.032815 0.029688
0 0.957459 0.967187 0.042187 0.028125