0 0.983804 0.073437 0.032392 0.021875
0 0.937927 0.060937 0.025004 0.025000
0 0.897300 0.126562 0.028125 0.028125
0 0.883238 0.058594 0.025004 0.032812
0 0.743394 0.146094 0.020313 0.029688
0 0.722300 0.069531 0.028125 0.026562
0 0.704328 0.094531 0.042187 0.026562
0 0.625424 0.144531 0.034376 0.026562
0 0.981461 0.703906 0.037078 0.026562
0 0.985369 0.665625 0.029262 0.031250
0 0.983804 0.630469 0.032392 0.029688
0 0.950429 0.588281 0.034376 0.029688
0 0.826208 0.548438 0.029685 0.021875
0 0.820737 0.564063 0.031246 0.025000
0 0.899641 0.663281 0.035936 0.023438
0 0.904331 0.703906 0.035936 0.026562
0 0.921515 0.732812 0.035936 0.028125
0 0.919174 0.790625 0.034376 0.031250
0 0.905892 0.814844 0.026564 0.026563
0 0.671522 0.675000 0.029685 0.025000
0 0.629334 0.604687 0.032815 0.028125
0 0.589488 0.653906 0.034376 0.023438
0 0.647298 0.667188 0.025004 0.028125
0 0.592609 0.707031 0.034376 0.020312
0 0.579336 0.738281 0.032815 0.035937
0 0.557453 0.853906 0.035936 0.032812
0 0.623083 0.803125 0.035936 0.034375
0 0.326203 0.785156 0.032815 0.039063
0 0.150423 0.829688 0.025004 0.031250
0 0.171517 0.867188 0.023434 0.028125
0 0.205112 0.854688 0.028125 0.031250
0 0.120738 0.864062 0.031246 0.028125
0 0.102765 0.902344 0.035936 0.029688
0 0.107456 0.923437 0.029685 0.021875
0 0.306679 0.875781 0.028125 0.029688
0 0.345736 0.883594 0.034376 0.029688
0 0.382453 0.927344 0.035936 0.026563
0 0.453554 0.882812 0.037497 0.028125
0 0.679333 0.904687 0.039066 0.031250
0 0.671522 0.953906 0.039066 0.023437
0 0.625424 0.983594 0.037497 0.032812
0 0.673862 0.985937 0.021874 0.018750
0 0.092613 0.965625 0.031246 0.025000