0 0.016028 0.027380 0.032056 0.054759
0 0.063800 0.014683 0.050788 0.029366
0 0.063800 0.034656 0.059248 0.040206
0 0.071207 0.067456 0.052903 0.055019
0 0.144208 0.052644 0.038089 0.038088
0 0.226740 0.018917 0.046549 0.037834
0 0.267996 0.047356 0.052903 0.040206
0 0.300802 0.081213 0.046549 0.040206
0 0.310324 0.024205 0.048673 0.048409
0 0.484892 0.016669 0.033859 0.029625
0 0.451042 0.014683 0.042319 0.029366
0 0.526158 0.010453 0.035974 0.020906
0 0.550494 0.018916 0.033859 0.037831
0 0.519813 0.032544 0.027504 0.044437
0 0.453157 0.107663 0.042319 0.038088
0 0.603398 0.116125 0.029629 0.033856
0 0.588583 0.076981 0.016929 0.027506
0 0.616088 0.065338 0.033859 0.033856
0 0.656301 0.042063 0.038089 0.029625
0 0.677460 0.068512 0.029629 0.031744
0 0.654186 0.082269 0.042319 0.046556
0 0.091304 0.940353 0.055018 0.048626
0 0.001216 0.731900 0.002432 0.033856
0 0.019203 0.714505 0.038406 0.037155
0 0.204168 0.642857 0.035273 0.035088
0 0.366395 0.846169 0.067718 0.055019
0 0.358988 0.757294 0.074063 0.046556
0 0.354758 0.719206 0.048673 0.050787
0 0.291458 0.716632 0.044069 0.034768
0 0.458450 0.671053 0.044434 0.041353
0 0.505762 0.688119 0.058651 0.057943
0 0.635141 0.811250 0.063478 0.057131
0 0.587521 0.844050 0.065603 0.055019
0 0.865789 0.775281 0.059248 0.052900
0 0.898565 0.682632 0.040237 0.051980
0 0.036341 0.630952 0.037594 0.033835
0 0.123434 0.596491 0.028822 0.025063
0 0.222431 0.780075 0.033835 0.038847