0 0.541773 0.768931 0.042319 0.057131
0 0.494162 0.772106 0.048673 0.029625
0 0.444436 0.714969 0.025389 0.038088
0 0.478295 0.729781 0.050788 0.050787
0 0.482525 0.699100 0.042319 0.044437
0 0.585154 0.657838 0.057133 0.050787
0 0.562933 0.631388 0.055018 0.048669
0 0.554473 0.599644 0.055018 0.035975
0 0.987785 0.869444 0.024430 0.063481
0 0.880343 0.960437 0.050788 0.038088
0 0.910401 0.895363 0.031328 0.041353
0 0.724311 0.681078 0.040100 0.033835
0 0.678571 0.751880 0.026316 0.032581
0 0.629073 0.792607 0.032581 0.038847