0 0.299640 0.231250 0.057810 0.037500
0 0.254332 0.167187 0.035936 0.050000
0 0.226987 0.163281 0.037497 0.045312
0 0.432452 0.163281 0.048438 0.048438
0 0.506675 0.167187 0.037497 0.040625
0 0.571516 0.168750 0.039066 0.040625
0 0.587928 0.213281 0.034376 0.035938
0 0.549642 0.242969 0.026564 0.029688
0 0.634797 0.198437 0.031246 0.043750
0 0.716050 0.185156 0.031246 0.035938
0 0.781672 0.159375 0.025004 0.031250
0 0.811366 0.150000 0.028125 0.028125
0 0.746516 0.261719 0.039066 0.039062
0 0.147303 0.719163 0.031246 0.027299