0 0.791048 0.334375 0.037497 0.050000
0 0.717616 0.314063 0.046878 0.021875
0 0.708234 0.381250 0.040627 0.037500
0 0.712925 0.417187 0.040627 0.037500
0 0.396521 0.458594 0.032815 0.032812
0 0.437928 0.450000 0.040627 0.028125
0 0.606677 0.327344 0.034376 0.039062
0 0.639492 0.560156 0.043748 0.039062
0 0.625420 0.599219 0.040627 0.039062
0 0.569960 0.538281 0.051559 0.048438
0 0.502769 0.550781 0.048438 0.032812
0 0.387929 0.553125 0.043748 0.043750
0 0.395741 0.628125 0.037497 0.034375
0 0.298864 0.627344 0.053129 0.035938
0 0.240265 0.638281 0.045308 0.045312
0 0.198867 0.612500 0.062501 0.034375
0 0.205109 0.653125 0.046878 0.034375
0 0.466053 0.732812 0.046878 0.043750