0 0.855109 0.101562 0.040627 0.037500
0 0.780896 0.074219 0.039066 0.035937
0 0.733238 0.077344 0.037497 0.042188
0 0.684799 0.119531 0.053129 0.035937
0 0.499648 0.292969 0.045308 0.042188
0 0.628550 0.329687 0.040627 0.040625
0 0.443398 0.243750 0.026564 0.025000
0 0.247305 0.219531 0.034376 0.029688
0 0.244955 0.260937 0.029685 0.037500
0 0.126204 0.250000 0.048438 0.043750
0 0.172302 0.243750 0.040627 0.031250
0 0.052772 0.286719 0.045308 0.026563
0 0.069955 0.306250 0.039066 0.037500
0 0.173862 0.319531 0.034376 0.026563
0 0.230112 0.303906 0.034376 0.026563
0 0.269959 0.321094 0.042187 0.045312
0 0.196516 0.528906 0.048438 0.032812
0 0.324648 0.647656 0.042187 0.042188
0 0.311366 0.607031 0.037497 0.032812
0 0.409022 0.525781 0.032815 0.035937
0 0.448079 0.531250 0.045308 0.046875
0 0.569960 0.479687 0.039066 0.037500
0 0.610577 0.574219 0.029685 0.035937
0 0.521521 0.455469 0.026564 0.039063
0 0.451128 0.630952 0.025063 0.026316
0 0.007519 0.672306 0.015038 0.021303
0 0.065163 0.938596 0.027569 0.032581