0 0.030742 0.477712 0.035974 0.042319
0 0.281497 0.575056 0.046549 0.042319
0 0.092106 0.635363 0.027504 0.044437
0 0.024365 0.553894 0.048729 0.059250
0 0.800896 0.115496 0.040388 0.024648
0 0.355559 0.367681 0.042319 0.038088
0 0.560777 0.536341 0.038847 0.035088
0 0.408521 0.443609 0.015038 0.017544
0 0.333960 0.510652 0.031328 0.026316
0 0.121554 0.558897 0.030075 0.025063
0 0.587719 0.059524 0.012531 0.011278
0 0.572682 0.083333 0.017544 0.016291
0 0.448622 0.100877 0.020050 0.013784
0 0.483083 0.088972 0.023810 0.012531
0 0.157895 0.102130 0.027569 0.023810