0 0.119959 0.246094 0.029685 0.032812
0 0.445734 0.395312 0.028125 0.025000
0 0.442614 0.360937 0.028125 0.031250
0 0.705109 0.389844 0.034376 0.035938
0 0.844952 0.687500 0.042187 0.037500
0 0.155895 0.660938 0.042187 0.037500
0 0.314492 0.733594 0.028125 0.023438
0 0.298079 0.828906 0.035936 0.023438
0 0.373082 0.760937 0.035936 0.031250
0 0.405117 0.735156 0.037497 0.023438
0 0.327764 0.663281 0.039066 0.035938
0 0.417610 0.682813 0.043748 0.028125
0 0.652769 0.776562 0.035936 0.040625
0 0.709799 0.715625 0.034376 0.028125
0 0.766829 0.753125 0.026564 0.031250
0 0.789483 0.754687 0.034376 0.031250
0 0.779331 0.685938 0.039066 0.028125
0 0.878548 0.871875 0.040627 0.037500
0 0.896521 0.843750 0.032815 0.037500
0 0.931677 0.646875 0.031246 0.037500
0 0.938708 0.614063 0.029685 0.031250
0 0.932457 0.554688 0.029685 0.028125
0 0.997089 0.594531 0.005822 0.026562
0 0.975424 0.683594 0.025004 0.026562
0 0.949640 0.720313 0.026564 0.018750
0 0.981675 0.751563 0.025004 0.025000