0 0.473647 0.292700 0.044011 0.049519
0 0.417717 0.346800 0.042178 0.047681
0 0.381950 0.333050 0.051352 0.045850
0 0.648788 0.309206 0.045844 0.049519
0 0.517667 0.210175 0.044011 0.038512
0 0.612109 0.224844 0.031180 0.034844
0 0.591025 0.172581 0.036679 0.033013
0 0.329686 0.212925 0.049519 0.033013
0 0.327853 0.246850 0.053185 0.034844
0 0.239822 0.236769 0.053185 0.044012
0 0.237077 0.187250 0.069692 0.058688
0 0.168307 0.185419 0.056851 0.051350
0 0.137127 0.137738 0.042178 0.044012
0 0.177472 0.263356 0.049519 0.053181
0 0.020426 0.925406 0.040843 0.056850
0 0.083942 0.837375 0.045844 0.034844
0 0.149046 0.842875 0.036679 0.038512
0 0.338861 0.837375 0.045844 0.042181
0 0.105036 0.958412 0.047686 0.031175