0 0.048864 0.964844 0.034376 0.045312
0 0.123867 0.971094 0.049999 0.051563
0 0.020739 0.853906 0.021874 0.029688
0 0.031672 0.821094 0.031246 0.026563
0 0.052765 0.705469 0.032815 0.032812
0 0.168395 0.749219 0.014062 0.020312
0 0.183237 0.768750 0.025004 0.018750
0 0.200420 0.753906 0.018753 0.023437
0 0.223864 0.749219 0.021874 0.026563
0 0.230115 0.765625 0.034376 0.028125
0 0.229335 0.792188 0.035936 0.021875
0 0.412926 0.761719 0.034376 0.029688
0 0.341054 0.771094 0.031246 0.026563
0 0.288705 0.732812 0.026564 0.025000
0 0.353546 0.917188 0.040627 0.040625
0 0.422298 0.913281 0.034376 0.042188
0 0.450423 0.967969 0.031246 0.035937
0 0.483238 0.981250 0.040627 0.037500
0 0.593397 0.921875 0.032815 0.037500
0 0.631674 0.952344 0.049999 0.039063
0 0.698865 0.942187 0.043748 0.031250
0 0.769957 0.924219 0.048438 0.035937
0 0.829327 0.885938 0.045308 0.034375
0 0.858242 0.854688 0.043748 0.034375
0 0.895738 0.917188 0.049999 0.034375
0 0.884797 0.992187 0.034376 0.015625
0 0.953548 0.854688 0.040627 0.043750
0 0.987711 0.866406 0.024578 0.051563