0 0.976985 0.880469 0.043748 0.042188
0 0.064489 0.655469 0.034376 0.042188
0 0.287147 0.574219 0.042187 0.035938
0 0.309021 0.543750 0.035936 0.037500
0 0.348078 0.513281 0.045308 0.032812
0 0.376992 0.496875 0.034376 0.034375
0 0.391055 0.539844 0.034376 0.042188
0 0.437923 0.507031 0.037497 0.035938
0 0.442614 0.425781 0.031246 0.029688
0 0.541831 0.464844 0.029685 0.045312
0 0.594959 0.482031 0.042187 0.029688
0 0.601210 0.501562 0.039066 0.028125
0 0.611362 0.532031 0.037497 0.023438
0 0.729332 0.388281 0.035936 0.051562
0 0.768389 0.375781 0.042187 0.057812
0 0.268394 0.038281 0.029685 0.029688
0 0.486361 0.140625 0.040627 0.043750
0 0.657460 0.031250 0.045308 0.040625