0 0.015772 0.303706 0.029347 0.031175
0 0.134973 0.218425 0.040345 0.044012
0 0.189991 0.196419 0.036679 0.029344
0 0.225758 0.201925 0.045844 0.036681
0 0.155146 0.285362 0.029347 0.031175
0 0.134973 0.300956 0.036679 0.033013
0 0.305527 0.362387 0.033013 0.038513
0 0.318367 0.328462 0.033013 0.029344
0 0.372474 0.321125 0.031180 0.044012
0 0.372474 0.354137 0.049519 0.044012
0 0.424738 0.386231 0.036679 0.034844
0 0.416484 0.428412 0.034846 0.038513
0 0.555858 0.254187 0.027504 0.027506
0 0.572365 0.270694 0.042178 0.027506
0 0.555858 0.296369 0.034846 0.023844
0 0.766766 0.521025 0.031180 0.040344
0 0.766766 0.359637 0.031180 0.033013
0 0.936398 0.491681 0.044011 0.044013
0 0.985620 0.697081 0.028760 0.040344
0 0.979202 0.757600 0.041596 0.036681
0 0.762179 0.979666 0.040345 0.040668
0 0.747505 0.984252 0.044011 0.031496
0 0.686067 0.988836 0.038512 0.022328
0 0.569620 0.954744 0.055018 0.038512
0 0.471503 0.901563 0.042178 0.038513
0 0.300949 0.725506 0.031180 0.031175
0 0.280777 0.708081 0.031180 0.029344
0 0.168907 0.695244 0.038512 0.036681
0 0.128562 0.700750 0.034846 0.033013
0 0.194579 0.768606 0.031180 0.029344
0 0.450501 0.172306 0.028822 0.021303