0 0.184017 0.732031 0.064061 0.039063
0 0.206671 0.689062 0.065621 0.050000
0 0.369958 0.621875 0.060940 0.050000
0 0.416836 0.788281 0.051559 0.048437
0 0.423867 0.840625 0.043748 0.046875
0 0.286364 0.764062 0.040627 0.037500
0 0.469955 0.641406 0.045308 0.057812
0 0.576984 0.597656 0.062501 0.067188
0 0.512142 0.600781 0.057810 0.070312
0 0.486358 0.565625 0.065621 0.062500
0 0.384801 0.515625 0.056250 0.056250
0 0.345734 0.495312 0.046878 0.043750
0 0.335582 0.470313 0.070312 0.046875
0 0.248858 0.530469 0.062501 0.060937
0 0.968180 0.335937 0.063640 0.075000
0 0.908240 0.349219 0.034376 0.039063
0 0.897298 0.401563 0.053129 0.050000
0 0.344954 0.205469 0.045308 0.045312
0 0.352765 0.163281 0.054689 0.048437
0 0.177766 0.100000 0.048438 0.028125
0 0.177766 0.130469 0.026564 0.029688
0 0.277772 0.110937 0.035936 0.034375
0 0.298866 0.067188 0.037497 0.031250
0 0.282453 0.050781 0.039066 0.039063
0 0.354335 0.064844 0.032815 0.042188
0 0.341833 0.014844 0.035936 0.029687