0 0.572297 0.338281 0.049999 0.045312
0 0.636367 0.332813 0.040627 0.043750
0 0.716051 0.337500 0.056250 0.050000
0 0.683235 0.385156 0.037497 0.039062
0 0.150425 0.542188 0.034376 0.040625
0 0.228548 0.517188 0.034376 0.031250
0 0.200423 0.546875 0.031246 0.040625
0 0.269955 0.545312 0.029685 0.028125
0 0.133241 0.639844 0.053129 0.032812
0 0.172298 0.742969 0.034376 0.032812
0 0.177769 0.971875 0.029685 0.040625
0 0.219925 0.681078 0.036341 0.026316
0 0.796992 0.972431 0.027569 0.037594
0 0.872180 0.474937 0.025063 0.022556
0 0.897870 0.457393 0.013784 0.027569
0 0.727444 0.969298 0.021303 0.021303