0 0.353549 0.880469 0.043748 0.032812
0 0.521517 0.891406 0.029685 0.035937
0 0.031674 0.465625 0.034376 0.037500
0 0.025423 0.520312 0.034376 0.037500
0 0.093394 0.473437 0.045308 0.046875
0 0.036364 0.386719 0.040627 0.035937
0 0.208234 0.380469 0.040627 0.032812
0 0.201203 0.350000 0.039066 0.021875
0 0.184800 0.335156 0.021874 0.029688
0 0.157455 0.312500 0.032815 0.025000
0 0.138702 0.296094 0.029685 0.026563
0 0.174648 0.282813 0.029685 0.031250
0 0.430112 0.019531 0.028125 0.023437
0 0.655890 0.053906 0.035936 0.032812