0 0.277769 0.059375 0.032815 0.046875
0 0.273859 0.236719 0.046878 0.054688
0 0.255115 0.309375 0.059370 0.065625
0 0.148078 0.285938 0.042187 0.043750
0 0.114491 0.289844 0.037497 0.042188
0 0.158239 0.500000 0.046878 0.046875
0 0.366834 0.510156 0.045308 0.057812
0 0.309015 0.468750 0.035936 0.050000
0 0.554327 0.547656 0.060940 0.051562
0 0.538704 0.598437 0.070312 0.050000
0 0.417613 0.520312 0.049999 0.040625
0 0.348862 0.688281 0.062501 0.048438
0 0.168391 0.658594 0.048438 0.045312
0 0.138706 0.609375 0.057810 0.037500