0 0.694172 0.763281 0.034376 0.032812
0 0.641833 0.825781 0.026564 0.032812
0 0.608237 0.832031 0.040627 0.039063
0 0.619959 0.727344 0.032815 0.029688
0 0.580112 0.750781 0.037497 0.029688
0 0.549647 0.732812 0.029685 0.025000
0 0.539486 0.756250 0.018753 0.025000
0 0.521522 0.766406 0.023434 0.023437
0 0.485577 0.752344 0.039066 0.020312
0 0.442609 0.749219 0.040627 0.026563
0 0.394171 0.660156 0.034376 0.026562
0 0.418395 0.639844 0.023434 0.026562
0 0.391830 0.630469 0.026564 0.023438
0 0.377768 0.617188 0.032815 0.025000
0 0.111363 0.463281 0.034376 0.035938
0 0.254327 0.911719 0.035936 0.032812
0 0.014274 0.397656 0.028548 0.029688
0 0.261358 0.509375 0.025004 0.025000
0 0.199647 0.502344 0.023434 0.023438
0 0.041051 0.693750 0.018753 0.028125
0 0.126985 0.710156 0.025004 0.026562
0 0.610578 0.933594 0.029685 0.032812
0 0.629331 0.874219 0.032815 0.026563
0 0.910579 0.871094 0.026564 0.029688
0 0.977770 0.846094 0.020313 0.026563
0 0.997867 0.840625 0.004266 0.025000
0 0.856679 0.785937 0.025004 0.028125
0 0.825424 0.777344 0.028125 0.032812
0 0.692612 0.615625 0.031246 0.021875
0 0.675428 0.684375 0.025004 0.043750
0 0.614488 0.662500 0.037497 0.028125
0 0.306676 0.766406 0.031246 0.026563
0 0.316048 0.699219 0.028125 0.032812
0 0.370737 0.689063 0.034376 0.025000
0 0.348083 0.678906 0.026564 0.026562
0 0.278551 0.560937 0.037497 0.028125
0 0.534804 0.664063 0.028125 0.028125
0 0.554328 0.638281 0.029685 0.029688
0 0.555108 0.585156 0.028125 0.026562
0 0.550427 0.556250 0.028125 0.025000
0 0.498859 0.607031 0.021874 0.039062
0 0.477765 0.593750 0.029685 0.037500
0 0.966048 0.375781 0.040627 0.029688
0 0.996306 0.271875 0.007387 0.025000
0 0.983807 0.164844 0.032386 0.023438