0 0.745718 0.639725 0.061363 0.061369
0 0.687523 0.539213 0.063478 0.063481
0 0.743603 0.441869 0.052903 0.071944
0 0.775337 0.400606 0.057133 0.069831
0 0.624044 0.314906 0.046549 0.055019
0 0.571141 0.367806 0.063478 0.076181
0 0.443123 0.307500 0.057133 0.065600
0 0.379635 0.370981 0.074063 0.065600
0 0.379635 0.295862 0.057133 0.055019
0 0.332024 0.251425 0.071948 0.059250
0 0.178607 0.289512 0.048673 0.050787
0 0.140518 0.256713 0.052903 0.044437
0 0.180731 0.226031 0.065603 0.046556
0 0.079155 0.128694 0.057133 0.042319
0 0.018949 0.246137 0.037898 0.052900
0 0.920295 0.657706 0.046549 0.055019
0 0.973900 0.649244 0.052200 0.042319
0 0.969667 0.499006 0.060665 0.055019
0 0.984479 0.405900 0.031041 0.050787
0 0.999291 0.440812 0.001417 0.052900
0 0.794382 0.287400 0.048673 0.042319
0 0.700222 0.361462 0.050788 0.042319
0 0.660018 0.438694 0.042319 0.040206
0 0.935464 0.549499 0.038847 0.023810