0 0.055117 0.323437 0.037497 0.028125
0 0.103545 0.296094 0.040627 0.032812
0 0.262922 0.242969 0.031246 0.032812
0 0.118397 0.561719 0.023434 0.032812
0 0.079331 0.549219 0.032815 0.017188
0 0.087142 0.576562 0.032815 0.046875
0 0.025422 0.610156 0.021874 0.029688
0 0.115267 0.688281 0.029685 0.035938
0 0.081672 0.732812 0.040627 0.040625
0 0.209023 0.660156 0.042187 0.042188
0 0.572305 0.666406 0.031246 0.029688
0 0.722300 0.747656 0.037497 0.032812
0 0.951989 0.839844 0.031246 0.029688
0 0.983804 0.828125 0.032392 0.028125
0 0.515265 0.717187 0.032815 0.028125
0 0.570735 0.810156 0.031246 0.023437
0 0.024642 0.986719 0.042187 0.026562
0 0.576206 0.924219 0.023434 0.032812
0 0.544170 0.932812 0.040627 0.034375
0 0.005639 0.322682 0.011278 0.026316