0 0.029650 0.202381 0.020901 0.028822
0 0.080136 0.242188 0.040622 0.031250
0 0.105132 0.304687 0.021875 0.021875
0 0.129356 0.332813 0.035937 0.028125
0 0.153079 0.284271 0.014644 0.015417
0 0.190289 0.334375 0.035937 0.037500
0 0.277788 0.380469 0.039065 0.035937
0 0.286386 0.421875 0.034373 0.034375
0 0.249664 0.425781 0.042186 0.032812
0 0.245758 0.456250 0.046878 0.037500
0 0.326230 0.454688 0.048435 0.037500
0 0.382477 0.364844 0.026560 0.035937
0 0.429355 0.396094 0.035937 0.045312
0 0.725448 0.452344 0.028124 0.035937
0 0.769976 0.482031 0.042186 0.035937
0 0.703573 0.446875 0.028124 0.037500
0 0.589507 0.425781 0.028124 0.042187
0 0.041980 0.213033 0.026316 0.030075
0 0.167920 0.293860 0.027569 0.023810