0 0.352807 0.982259 0.030240 0.035481
0 0.709885 0.982981 0.035993 0.034038
0 0.701970 0.921325 0.031678 0.031675
0 0.649415 0.924206 0.030240 0.040313
0 0.615584 0.981081 0.028792 0.035994
0 0.907868 0.832056 0.040317 0.028794
0 0.121718 0.895413 0.025916 0.031675
0 0.200189 0.882450 0.027354 0.040313
0 0.676055 0.618244 0.031678 0.027356
0 0.794119 0.614644 0.031678 0.028794
0 0.863951 0.600244 0.033116 0.028794
0 0.910021 0.595925 0.033116 0.031675
0 0.867551 0.532575 0.025916 0.028794
0 0.740849 0.464900 0.034554 0.031675
0 0.681817 0.478581 0.043193 0.027356
0 0.403210 0.531856 0.030240 0.035994
0 0.978415 0.691675 0.031678 0.030237
0 0.563743 0.256850 0.037431 0.030237
0 0.509035 0.254687 0.037431 0.034556
0 0.791957 0.158937 0.027354 0.035994
0 0.782604 0.050950 0.025916 0.027356
0 0.747325 0.052394 0.030240 0.038875