0 0.380116 0.187500 0.037497 0.050000
0 0.349641 0.273437 0.035936 0.037500
0 0.139485 0.322656 0.049999 0.045312
0 0.066052 0.263281 0.037497 0.039062
0 0.043398 0.281250 0.032815 0.034375
0 0.501987 0.385156 0.053129 0.045312
0 0.291051 0.494531 0.049999 0.042188
0 0.537143 0.927344 0.042187 0.039063
0 0.783555 0.075815 0.031887 0.028822
0 0.805898 0.095312 0.045308 0.028125
0 0.807459 0.557812 0.029685 0.031250
0 0.839484 0.569531 0.037497 0.035938
0 0.859018 0.566406 0.039066 0.045312
0 0.907456 0.592187 0.035936 0.040625
0 0.850426 0.971875 0.025004 0.031250