0 0.026988 0.352344 0.043748 0.035938
0 0.126205 0.296094 0.051559 0.048438
0 0.091829 0.231250 0.051559 0.050000
0 0.289483 0.190625 0.056250 0.046875
0 0.192616 0.062500 0.037497 0.031250
0 0.226202 0.308594 0.039066 0.035938
0 0.437928 0.319531 0.028125 0.029688
0 0.452771 0.346094 0.032815 0.032812
0 0.475425 0.371094 0.028125 0.039062
0 0.550427 0.277344 0.018753 0.032812
0 0.535585 0.278125 0.017183 0.028125
0 0.591834 0.279687 0.026564 0.034375
0 0.717616 0.349219 0.034376 0.029688
0 0.161361 0.969531 0.028125 0.045312
0 0.756892 0.327068 0.027569 0.027569