0 0.500721 0.675868 0.047686 0.049267
0 0.182531 0.365144 0.056851 0.058688
0 0.131188 0.304619 0.042178 0.047681
0 0.142186 0.228512 0.031180 0.045850
0 0.176111 0.239519 0.051352 0.038513
0 0.772136 0.196419 0.044011 0.051350
0 0.865666 0.191837 0.040345 0.060519
0 0.955530 0.123981 0.044011 0.045850
0 0.949110 0.086387 0.060517 0.058688
0 0.940857 0.048787 0.036679 0.045850
0 0.852835 0.094637 0.036679 0.060519
0 0.800562 0.092806 0.031180 0.034844
0 0.825322 0.111144 0.033013 0.038512
0 0.989687 0.071712 0.020626 0.058688
0 0.516917 0.047619 0.041353 0.030075