0 0.546523 0.271094 0.042187 0.060938
0 0.755898 0.418750 0.051559 0.053125
0 0.466829 0.394531 0.054689 0.051562
0 0.386365 0.445312 0.049999 0.046875
0 0.448086 0.455469 0.045308 0.045312
0 0.501985 0.528125 0.043748 0.040625
0 0.157457 0.692187 0.051559 0.059375
0 0.553554 0.909375 0.053129 0.059375
0 0.609803 0.875000 0.037497 0.046875
0 0.726984 0.935937 0.043748 0.040625
0 0.768391 0.907812 0.039066 0.040625
0 0.139484 0.821094 0.053129 0.042188
0 0.073082 0.771875 0.042187 0.040625
0 0.060580 0.968750 0.035936 0.040625