0 0.018797 0.713587 0.037594 0.044012
0 0.123750 0.614556 0.051352 0.044012
0 0.203528 0.513687 0.049519 0.051350
0 0.320897 0.659487 0.042178 0.042181
0 0.446518 0.631975 0.055018 0.049519
0 0.515298 0.723675 0.042178 0.045850
0 0.748202 0.690662 0.053185 0.049519
0 0.724363 0.645731 0.042178 0.047681
0 0.680343 0.620056 0.042178 0.058688
0 0.801387 0.663150 0.042178 0.049519
0 0.112367 0.021281 0.035918 0.034844
0 0.625940 0.490602 0.031328 0.028822
0 0.863409 0.431704 0.030075 0.026316
0 0.805764 0.490602 0.025063 0.028822