0 0.159799 0.107031 0.040627 0.032812
0 0.215269 0.050000 0.039066 0.037500
0 0.275429 0.064062 0.046878 0.040625
0 0.132455 0.029688 0.042187 0.031250
0 0.025426 0.053125 0.028125 0.018750
0 0.266048 0.115625 0.031246 0.021875
0 0.291832 0.192969 0.026564 0.023437
0 0.272299 0.370313 0.046878 0.040625
0 0.416053 0.269531 0.028125 0.029688
0 0.445738 0.291406 0.037497 0.026563
0 0.409022 0.371875 0.039066 0.028125
0 0.540264 0.233594 0.039066 0.032812
0 0.129334 0.877344 0.035936 0.035937
0 0.103550 0.843750 0.025004 0.025000
0 0.222300 0.971094 0.031246 0.042188
0 0.238703 0.914844 0.029685 0.026563
0 0.414483 0.896875 0.043748 0.040625