0 0.156757 0.238600 0.057218 0.046212
0 0.222782 0.107656 0.052819 0.044012
0 0.490165 0.208894 0.041811 0.039612
0 0.435147 0.207787 0.046210 0.037413
0 0.412042 0.332131 0.039612 0.039612
0 0.375730 0.326631 0.028614 0.033013
0 0.598002 0.339831 0.041811 0.046212
0 0.613409 0.305719 0.033013 0.044012
0 0.744351 0.318925 0.035212 0.044012
0 0.764156 0.386050 0.035212 0.037413
0 0.727844 0.398150 0.037412 0.030813
0 0.519879 0.355237 0.039612 0.037413
0 0.495674 0.376144 0.026405 0.039612
0 0.052229 0.990669 0.033013 0.018662
0 0.778463 0.987369 0.028614 0.025262
0 0.757548 0.986269 0.030813 0.027462
0 0.731144 0.977466 0.030813 0.045068
0 0.837881 0.826187 0.037412 0.046212
0 0.335840 0.205514 0.032581 0.027569
0 0.376566 0.213659 0.028822 0.023810