0 0.201992 0.018750 0.053129 0.037500
0 0.258241 0.006250 0.028125 0.012500
0 0.291047 0.039062 0.037497 0.037500
0 0.453554 0.015625 0.037497 0.031250
0 0.493392 0.013281 0.042187 0.026562
0 0.505894 0.035156 0.045308 0.039063
0 0.480109 0.094531 0.037497 0.048437
0 0.510584 0.100000 0.042187 0.037500
0 0.703547 0.191406 0.046878 0.042188
0 0.719960 0.210937 0.029685 0.037500
0 0.849642 0.375000 0.042187 0.037500
0 0.987712 0.507813 0.024576 0.053125
0 0.945738 0.351563 0.040627 0.050000
0 0.941048 0.321875 0.046878 0.037500
0 0.934797 0.259375 0.034376 0.046875
0 0.875426 0.346094 0.037497 0.035937
0 0.885578 0.317969 0.026564 0.026563
0 0.419173 0.007519 0.036341 0.015038
0 0.011278 0.621554 0.022556 0.025063
0 0.040100 0.630952 0.022556 0.021303