0 0.990055 0.926562 0.019889 0.050000
0 0.927771 0.743750 0.035936 0.037500
0 0.512921 0.235156 0.028125 0.026563
0 0.541836 0.245312 0.039066 0.025000
0 0.576202 0.244531 0.032815 0.026563
0 0.530114 0.285156 0.034376 0.023437
0 0.540266 0.337500 0.035936 0.028125
0 0.573861 0.055469 0.031246 0.035937
0 0.615268 0.143750 0.023434 0.031250
0 0.627770 0.178125 0.026564 0.021875
0 0.648084 0.200000 0.032815 0.031250
0 0.690271 0.080469 0.029685 0.029688
0 0.716046 0.079688 0.021874 0.031250
0 0.684800 0.111719 0.034376 0.026563
0 0.886364 0.133594 0.037497 0.023437
0 0.851208 0.151562 0.029685 0.031250
0 0.814492 0.171875 0.021874 0.028125
0 0.827765 0.203906 0.023434 0.039063
0 0.794179 0.196094 0.031246 0.032812
0 0.631671 0.352344 0.037497 0.029688
0 0.661366 0.318750 0.049999 0.031250
0 0.663707 0.282031 0.023434 0.029688
0 0.685580 0.291406 0.042187 0.026563
0 0.709015 0.268750 0.048438 0.034375
0 0.829335 0.279687 0.026564 0.031250
0 0.897297 0.331250 0.034376 0.037500
0 0.869172 0.421094 0.031246 0.045312
0 0.935583 0.343750 0.023434 0.028125