0 0.016619 0.254687 0.033237 0.050000
0 0.133234 0.414844 0.028125 0.026563
0 0.150427 0.442187 0.025004 0.031250
0 0.049640 0.376563 0.026564 0.034375
0 0.048080 0.312500 0.029685 0.018750
0 0.116831 0.269531 0.029685 0.029688
0 0.316835 0.496875 0.039066 0.037500
0 0.418393 0.516406 0.035936 0.032812
0 0.507458 0.200781 0.032815 0.039063
0 0.474642 0.121875 0.029685 0.034375
0 0.520740 0.303125 0.043748 0.040625
0 0.392608 0.607031 0.034376 0.039063
0 0.503547 0.601562 0.034376 0.037500
0 0.473862 0.617969 0.028125 0.020312
0 0.481673 0.641406 0.040627 0.039063
0 0.441827 0.776562 0.032815 0.028125
0 0.564487 0.681250 0.025004 0.034375
0 0.526991 0.727344 0.037497 0.032812
0 0.509018 0.681250 0.035936 0.034375
0 0.552766 0.643750 0.029685 0.028125
0 0.690269 0.218750 0.029685 0.034375
0 0.721514 0.214844 0.032815 0.035937
0 0.735577 0.177344 0.042187 0.029688