0 0.787147 0.128906 0.026564 0.029687
0 0.637142 0.171094 0.026564 0.035937
0 0.621519 0.091406 0.026564 0.029687
0 0.589484 0.094531 0.025004 0.035937
0 0.790268 0.168750 0.026564 0.025000
0 0.766054 0.169531 0.028125 0.020312
0 0.150429 0.646875 0.040627 0.043750
0 0.096520 0.513281 0.032815 0.023437
0 0.856679 0.246875 0.031246 0.028125
0 0.673893 0.799146 0.040686 0.035793
0 0.517612 0.761719 0.037497 0.045312
0 0.483236 0.803906 0.037497 0.045312
0 0.071516 0.730469 0.026564 0.032812
0 0.895990 0.848371 0.022556 0.035088