0 0.099648 0.325000 0.032815 0.031250
0 0.000993 0.914063 0.001986 0.043750
0 0.813710 0.890625 0.023434 0.034375
0 0.809019 0.792188 0.029685 0.034375
0 0.856677 0.617969 0.025004 0.023438
0 0.887142 0.571875 0.032815 0.031250
0 0.537143 0.649219 0.026564 0.026562
0 0.977768 0.350000 0.029685 0.031250
0 0.910577 0.473437 0.032815 0.037500
0 0.874640 0.440625 0.026564 0.025000
0 0.907456 0.287500 0.026564 0.028125
0 0.948083 0.243750 0.026564 0.034375
0 0.840265 0.264063 0.045308 0.037500
0 0.801208 0.336719 0.032815 0.020312
0 0.826202 0.421875 0.029685 0.021875
0 0.767612 0.325781 0.028125 0.020312
0 0.786365 0.013784 0.034376 0.027568