0 0.986358 0.838281 0.025004 0.035937
0 0.940270 0.847656 0.029685 0.039063
0 0.948861 0.800781 0.025004 0.029688
0 0.925427 0.806250 0.031246 0.031250
0 0.885581 0.839844 0.026564 0.026563
0 0.863707 0.750781 0.026564 0.035937
0 0.810578 0.796875 0.026564 0.028125
0 0.855115 0.785937 0.031246 0.021875
0 0.387146 0.972656 0.026564 0.026563
0 0.462928 0.916406 0.025004 0.035937
0 0.495734 0.928125 0.025004 0.021875
0 0.513707 0.942187 0.035936 0.021875
0 0.694958 0.928906 0.026564 0.023437
0 0.644959 0.959375 0.039066 0.025000
0 0.656672 0.825000 0.021874 0.031250
0 0.757459 0.825000 0.010942 0.018750
0 0.787144 0.831250 0.023434 0.031250
0 0.748077 0.741406 0.026564 0.035937
0 0.765270 0.671875 0.026564 0.028125
0 0.735585 0.634375 0.026564 0.034375
0 0.790265 0.578906 0.035936 0.039063
0 0.889491 0.537500 0.031246 0.031250
0 0.928548 0.529687 0.015623 0.028125
0 0.939490 0.425781 0.021874 0.026563
0 0.986148 0.486719 0.027704 0.035937
0 0.845734 0.626562 0.025004 0.040625
0 0.719172 0.719531 0.021874 0.035937
0 0.696518 0.719531 0.020313 0.029688
0 0.670734 0.695312 0.031246 0.028125
0 0.619955 0.705469 0.032815 0.032812
0 0.643390 0.782812 0.026564 0.034375
0 0.514487 0.707031 0.040627 0.042188
0 0.476991 0.676562 0.031246 0.034375
0 0.409019 0.687500 0.035936 0.040625
0 0.369173 0.785937 0.028125 0.034375
0 0.283238 0.761719 0.040627 0.042188
0 0.274646 0.729688 0.029685 0.028125
0 0.256674 0.646094 0.031246 0.032812
0 0.091046 0.687500 0.040627 0.025000
0 0.112929 0.750781 0.031246 0.042188
0 0.014273 0.609375 0.028545 0.028125
0 0.045738 0.560937 0.025004 0.028125
0 0.104328 0.515625 0.026564 0.034375
0 0.011152 0.471094 0.022303 0.026563
0 0.023864 0.385156 0.037497 0.029688
0 0.009587 0.344531 0.019173 0.023437
0 0.373863 0.050781 0.034376 0.032812