0 0.556672 0.291406 0.040627 0.048438
0 0.509804 0.270313 0.034376 0.037500
0 0.826988 0.226563 0.046878 0.046875
0 0.779330 0.164844 0.042187 0.054688
0 0.731672 0.171094 0.028125 0.045312
0 0.685584 0.182031 0.032815 0.029688
0 0.648078 0.262500 0.026564 0.034375
0 0.704328 0.210938 0.014062 0.034375
0 0.983024 0.295313 0.033952 0.043750
0 0.269954 0.793750 0.020313 0.018750
0 0.304329 0.776563 0.023434 0.025000
0 0.294177 0.795312 0.037497 0.021875
0 0.305110 0.816406 0.034376 0.026562
0 0.346517 0.800000 0.026564 0.031250
0 0.144952 0.707031 0.023434 0.023438
0 0.184019 0.694531 0.023434 0.026562
0 0.166046 0.740625 0.025004 0.025000
0 0.633235 0.820313 0.028125 0.031250