0 0.165563 0.024544 0.022854 0.029037
0 0.178550 0.048437 0.031246 0.034375
0 0.245741 0.103906 0.040627 0.035938
0 0.018183 0.107812 0.036366 0.028125
0 0.005683 0.270313 0.011366 0.037500
0 0.012712 0.323438 0.025424 0.028125
0 0.092615 0.262500 0.037497 0.034375
0 0.151206 0.288281 0.032815 0.035938
0 0.109018 0.340625 0.026564 0.025000
0 0.191832 0.347656 0.023434 0.032812
0 0.210585 0.277344 0.035936 0.045312
0 0.188702 0.257031 0.032815 0.035938
0 0.259014 0.256250 0.042187 0.037500
0 0.317614 0.256250 0.031246 0.034375
0 0.160577 0.839844 0.042187 0.045312
0 0.423082 0.778125 0.023434 0.031250
0 0.602772 0.842187 0.029685 0.028125
0 0.469179 0.871875 0.025004 0.031250
0 0.531671 0.946094 0.028125 0.035938
0 0.641829 0.886719 0.039066 0.029688
0 0.638708 0.865625 0.035936 0.025000
0 0.681676 0.939844 0.031246 0.026562
0 0.162927 0.916406 0.034376 0.029688
0 0.757459 0.772656 0.020313 0.026562
0 0.738706 0.759375 0.023434 0.025000
0 0.719953 0.741406 0.020313 0.017188
0 0.739486 0.702344 0.028125 0.023438
0 0.766830 0.625000 0.029685 0.021875
0 0.721522 0.645313 0.029685 0.025000
0 0.669954 0.715625 0.029685 0.021875
0 0.278547 0.957031 0.031246 0.029688
0 0.925427 0.302344 0.025004 0.023438
0 0.832015 0.252959 0.027438 0.022208
0 0.316416 0.991228 0.036341 0.017544