0 0.135581 0.910156 0.039066 0.026562
0 0.158235 0.871875 0.034376 0.028125
0 0.194171 0.871875 0.034376 0.025000
0 0.605891 0.753125 0.035936 0.034375
0 0.512925 0.672656 0.028125 0.032812
0 0.528548 0.536719 0.028125 0.035938
0 0.505113 0.548438 0.034376 0.037500
0 0.376202 0.437500 0.035936 0.037500
0 0.360579 0.475781 0.039066 0.039062
0 0.301989 0.461719 0.037497 0.042188
0 0.359019 0.346094 0.042187 0.039062
0 0.248860 0.306250 0.031246 0.034375
0 0.280115 0.267969 0.028125 0.026562
0 0.094954 0.271875 0.032815 0.031250
0 0.209023 0.232813 0.026564 0.028125
0 0.152773 0.293750 0.023434 0.031250
0 0.284796 0.792188 0.028125 0.037500