0 0.650426 0.226563 0.043748 0.050000
0 0.426208 0.246875 0.042187 0.034375
0 0.423867 0.288281 0.040627 0.039062
0 0.334802 0.296875 0.043748 0.028125
0 0.375429 0.233594 0.031246 0.039062
0 0.351205 0.166406 0.039066 0.035938
0 0.241827 0.262500 0.045308 0.034375
0 0.150421 0.206250 0.043748 0.040625
0 0.119956 0.164844 0.035936 0.039062
0 0.057455 0.125781 0.048438 0.048438
0 0.028550 0.064062 0.037497 0.037500
0 0.008804 0.167187 0.017608 0.053125
0 0.050424 0.225000 0.037497 0.034375
0 0.251988 0.817969 0.031246 0.023437
0 0.255898 0.802344 0.035936 0.026563
0 0.143390 0.785937 0.026564 0.025000
0 0.287144 0.750000 0.029685 0.031250
0 0.361366 0.721875 0.021874 0.021875
0 0.497300 0.852344 0.037497 0.039063
0 0.529335 0.820312 0.029685 0.034375
0 0.593396 0.833594 0.032815 0.032812
0 0.976202 0.929687 0.042187 0.034375
0 0.966830 0.873437 0.029685 0.037500
0 0.155892 0.988281 0.042187 0.023438
0 0.710526 0.077068 0.027569 0.026316
0 0.894737 0.111529 0.035088 0.027569