0 0.537139 0.949219 0.035936 0.039063
0 0.307460 0.934375 0.042187 0.040625
0 0.344176 0.900781 0.021874 0.039063
0 0.605891 0.811719 0.035936 0.035937
0 0.630895 0.942187 0.045308 0.059375
0 0.959021 0.795312 0.048438 0.043750
0 0.967612 0.751562 0.043748 0.037500
0 0.979120 0.703906 0.041760 0.042188
0 0.812926 0.619531 0.040627 0.032812
0 0.709798 0.625781 0.037497 0.039062
0 0.497302 0.651563 0.037497 0.043750
0 0.568394 0.771094 0.035936 0.026563
0 0.559803 0.793750 0.031246 0.025000
0 0.451985 0.902344 0.025004 0.026563
0 0.564484 0.512500 0.046878 0.046875
0 0.657459 0.418750 0.032815 0.053125
0 0.648078 0.407812 0.045308 0.050000
0 0.714489 0.368750 0.046878 0.040625
0 0.844171 0.297656 0.049999 0.054688
0 0.937147 0.461719 0.032815 0.042188
0 0.898080 0.188281 0.035936 0.035938
0 0.913703 0.069531 0.026564 0.039062
0 0.848082 0.079687 0.026564 0.037500
0 0.814486 0.071875 0.034376 0.034375
0 0.798083 0.089062 0.032815 0.031250
0 0.767608 0.139844 0.025004 0.020312
0 0.321522 0.032812 0.051559 0.034375
0 0.095734 0.031583 0.034376 0.030584
0 0.188709 0.753125 0.035936 0.046875
0 0.233237 0.657812 0.031246 0.037500
0 0.219955 0.884375 0.032815 0.037500
0 0.989275 0.091406 0.021450 0.017188
0 0.341046 0.357031 0.040627 0.042188
0 0.271523 0.321875 0.039066 0.040625
0 0.246519 0.268750 0.039066 0.031250
0 0.194171 0.184375 0.037497 0.034375
0 0.167616 0.457812 0.037497 0.037500
0 0.080111 0.614844 0.028125 0.035938
0 0.030893 0.459375 0.039066 0.034375
0 0.008805 0.394531 0.017610 0.029688
0 0.074640 0.371875 0.035936 0.037500
0 0.167616 0.353906 0.043748 0.039062
0 0.916053 0.114062 0.018753 0.031250
0 0.419173 0.683584 0.023810 0.018797