0 0.001774 0.469531 0.003548 0.039063
0 0.021521 0.455469 0.039066 0.032813
0 0.012711 0.226563 0.025422 0.034375
0 0.001774 0.246094 0.003548 0.032813
0 0.223865 0.303906 0.025004 0.029688
0 0.254331 0.318750 0.032815 0.040625
0 0.290267 0.388281 0.029685 0.026562
0 0.312921 0.416406 0.034376 0.035938
0 0.365270 0.416406 0.032815 0.039063
0 0.412928 0.459375 0.028125 0.040625
0 0.319952 0.473437 0.035936 0.025000
0 0.212144 0.516406 0.042187 0.023438
0 0.933236 0.292187 0.037497 0.034375
0 0.973083 0.339844 0.042187 0.032813
0 0.466047 0.703906 0.034376 0.039063
0 0.975424 0.794531 0.037497 0.048438
0 0.917614 0.855469 0.034376 0.054687
0 0.890269 0.566406 0.029685 0.032813
0 0.915273 0.568750 0.035936 0.031250
0 0.491831 0.406250 0.026564 0.031250