0 0.512148 0.190625 0.029685 0.037500
0 0.502767 0.213281 0.039066 0.032812
0 0.288710 0.264063 0.035936 0.043750
0 0.268397 0.278125 0.032815 0.037500
0 0.105890 0.252344 0.045308 0.048438
0 0.318395 0.498437 0.035936 0.028125
0 0.349641 0.499219 0.035936 0.039062
0 0.850426 0.214062 0.040627 0.043750
0 0.820632 0.227966 0.027908 0.040308
0 0.852767 0.175781 0.039066 0.032812
0 0.847296 0.142969 0.043748 0.042188
0 0.581671 0.207031 0.025004 0.032812
0 0.559017 0.213281 0.032815 0.032812
0 0.824642 0.369531 0.042187 0.042188
0 0.810150 0.969925 0.028822 0.035088
0 0.771930 0.241228 0.022556 0.023810