0 0.158238 0.405469 0.043748 0.032812
0 0.173081 0.432031 0.045308 0.032812
0 0.537143 0.127344 0.042187 0.039063
0 0.152767 0.517187 0.042187 0.037500
0 0.087146 0.514062 0.039066 0.040625
0 0.114491 0.723437 0.031246 0.034375
0 0.255895 0.749219 0.029685 0.035937
0 0.235581 0.747656 0.035936 0.029688
0 0.260585 0.685156 0.029685 0.029688
0 0.299642 0.692187 0.029685 0.031250
0 0.237922 0.676562 0.028125 0.021875
0 0.440266 0.822656 0.029685 0.029688
0 0.473862 0.848437 0.034376 0.031250
0 0.401990 0.917969 0.034376 0.032812
0 0.846516 0.251563 0.029685 0.034375
0 0.850426 0.171875 0.025004 0.031250
0 0.715273 0.878906 0.045308 0.029688
0 0.676987 0.810937 0.034376 0.037500