0 0.062139 0.946094 0.029685 0.035937
0 0.147303 0.852344 0.034376 0.032812
0 0.137922 0.874219 0.034376 0.029688
0 0.137142 0.900781 0.039066 0.032812
0 0.871517 0.777344 0.042187 0.042188
0 0.891830 0.717969 0.045308 0.042187
0 0.786362 0.599219 0.046878 0.032812
0 0.715270 0.640625 0.045308 0.037500
0 0.760578 0.725000 0.029685 0.037500
0 0.699647 0.753906 0.035936 0.039063
0 0.260025 0.556391 0.026316 0.027569
0 0.243108 0.628446 0.027569 0.031328
0 0.257519 0.425439 0.021303 0.016291
0 0.394110 0.230576 0.028822 0.027569
0 0.137845 0.650376 0.025063 0.027569
0 0.036967 0.740602 0.018797 0.020050
0 0.048246 0.768170 0.031328 0.020050
0 0.021303 0.810777 0.030075 0.025063