0 0.231671 0.988281 0.037497 0.023438
0 0.018184 0.795312 0.036367 0.037500
0 0.298862 0.758594 0.049999 0.035937
0 0.975212 0.171875 0.049576 0.046875
0 0.924648 0.175781 0.039066 0.039062
0 0.784015 0.500000 0.039066 0.040625
0 0.699641 0.560156 0.060940 0.042188
0 0.618396 0.666406 0.057810 0.045312
0 0.615266 0.631250 0.039066 0.037500
0 0.687928 0.815625 0.043748 0.059375
0 0.721514 0.789844 0.045308 0.042188
0 0.724645 0.749219 0.039066 0.035937
0 0.946522 0.682812 0.042187 0.040625
0 0.984588 0.630469 0.030824 0.042188
0 0.566416 0.063910 0.035088 0.035088
0 0.451128 0.068296 0.045113 0.033835
0 0.141604 0.313910 0.030075 0.033835
0 0.025063 0.341479 0.032581 0.028822