0 0.210675 0.571962 0.037412 0.033013
0 0.072034 0.431119 0.033013 0.037413
0 0.015662 0.282569 0.031323 0.030813
0 0.052229 0.198944 0.033013 0.035212
0 0.055528 0.220950 0.026405 0.030813
0 0.012357 0.826637 0.024714 0.034226
0 0.358123 0.737019 0.046210 0.037413
0 0.778463 0.193444 0.028614 0.037413
0 0.757548 0.191244 0.030813 0.037413
0 0.731144 0.179137 0.030813 0.048413
0 0.837881 0.026188 0.037412 0.046212
0 0.461779 0.253759 0.026316 0.023810
0 0.473684 0.355263 0.027569 0.016291
0 0.265038 0.290727 0.021303 0.025063
0 0.545739 0.527569 0.023810 0.017544
0 0.535714 0.479323 0.026316 0.026316
0 0.085840 0.199875 0.016291 0.023810
0 0.157895 0.243108 0.022556 0.017544