0 0.283257 0.160937 0.046878 0.043750
0 0.235601 0.230469 0.048435 0.032812
0 0.180917 0.222656 0.029688 0.032812
0 0.177789 0.261719 0.042186 0.042188
0 0.202006 0.111719 0.028124 0.039062
0 0.359044 0.161719 0.042186 0.042188
0 0.393417 0.188281 0.060940 0.039062
0 0.448100 0.222656 0.060940 0.029688
0 0.519195 0.231250 0.040622 0.028125
0 0.576229 0.248438 0.042186 0.031250
0 0.615293 0.210156 0.039065 0.032812
0 0.664507 0.278125 0.037501 0.034375
0 0.695758 0.257813 0.037501 0.028125
0 0.725446 0.266406 0.031252 0.032812
0 0.753570 0.250781 0.034373 0.032812
0 0.766853 0.208594 0.045314 0.029688
0 0.830914 0.211719 0.042186 0.045312
0 0.798105 0.513281 0.039065 0.035938
0 0.844976 0.542187 0.032816 0.028125
0 0.792635 0.553906 0.034373 0.039062
0 0.866851 0.619531 0.045314 0.032812
0 0.852789 0.654687 0.035937 0.034375
0 0.827008 0.628906 0.037501 0.023438
0 0.764511 0.615625 0.043750 0.037500
0 0.727789 0.632813 0.039065 0.037500
0 0.669198 0.640625 0.046878 0.037500
0 0.560603 0.667188 0.048435 0.037500
0 0.537949 0.624219 0.043750 0.035938
0 0.684039 0.600000 0.032816 0.028125
0 0.627791 0.596094 0.032816 0.026562