0 0.120734 0.781250 0.043748 0.056250
0 0.168392 0.828906 0.029685 0.039063
0 0.195737 0.648438 0.046878 0.046875
0 0.215270 0.792969 0.035936 0.054688
0 0.091049 0.672656 0.049999 0.035938
0 0.098080 0.632031 0.051559 0.042188
0 0.009588 0.614844 0.019176 0.039062
0 0.024648 0.692187 0.039066 0.031250
0 0.152770 0.558594 0.048438 0.045312
0 0.104331 0.506250 0.057810 0.056250
0 0.143398 0.509375 0.045308 0.050000
0 0.051203 0.514844 0.054689 0.051562
0 0.084018 0.372656 0.045308 0.048438
0 0.032459 0.363281 0.048438 0.051562