0 0.859023 0.193750 0.035936 0.040625
0 0.894179 0.711719 0.043748 0.035938
0 0.903551 0.739063 0.034376 0.021875
0 0.857454 0.678125 0.032815 0.031250
0 0.842611 0.736719 0.034376 0.042188
0 0.562143 0.742969 0.045308 0.039062
0 0.503553 0.550000 0.034376 0.037500
0 0.447303 0.536719 0.040627 0.048438
0 0.267613 0.436719 0.034376 0.042188
0 0.257452 0.474219 0.029685 0.032812
0 0.216054 0.493750 0.028125 0.037500
0 0.213704 0.705469 0.039066 0.029688
0 0.230116 0.728125 0.037497 0.028125
0 0.751205 0.891406 0.060940 0.045312
0 0.524647 0.932031 0.042187 0.032812
0 0.494952 0.983594 0.057810 0.032812
0 0.255891 0.847656 0.045308 0.048438
0 0.178548 0.971875 0.056250 0.046875
0 0.124648 0.975781 0.039066 0.039062
0 0.266833 0.950000 0.032815 0.034375
0 0.356678 0.991406 0.043748 0.017187