0 0.021515 0.008594 0.042187 0.017188
0 0.009587 0.735938 0.019174 0.040625
0 0.368394 0.753906 0.054689 0.032812
0 0.776204 0.517969 0.045308 0.035937
0 0.987714 0.490625 0.024572 0.034375
0 0.987714 0.535937 0.024572 0.031250
0 0.970737 0.577344 0.028125 0.026563
0 0.941051 0.651562 0.028125 0.031250
0 0.704331 0.792188 0.042187 0.050000
0 0.780114 0.695312 0.043748 0.034375
0 0.753550 0.876562 0.028125 0.037500
0 0.688708 0.910156 0.032815 0.026563
0 0.666054 0.857031 0.031246 0.032812
0 0.843395 0.975000 0.039066 0.040625