0 0.020534 0.235156 0.041068 0.039062
0 0.124669 0.189063 0.032816 0.034375
0 0.325449 0.313281 0.059376 0.039062
0 0.323885 0.288281 0.053127 0.035937
0 0.273101 0.344531 0.032816 0.039062
0 0.305917 0.380469 0.064061 0.039062
0 0.412948 0.364063 0.040622 0.034375
0 0.744978 0.360938 0.051563 0.034375
0 0.684039 0.373437 0.045314 0.034375
0 0.746542 0.417969 0.035937 0.020312
0 0.868414 0.364844 0.029688 0.042187
0 0.946544 0.366406 0.042186 0.039062
0 0.919199 0.376563 0.037501 0.040625
0 0.177788 0.992188 0.039065 0.015624
0 0.044197 0.982812 0.056248 0.034375
0 0.125447 0.989844 0.031252 0.020312
0 0.043233 0.122180 0.028822 0.033835