0 0.539489 0.978906 0.043748 0.042188
0 0.399645 0.985937 0.023434 0.028125
0 0.226986 0.823438 0.034376 0.031250
0 0.255111 0.801562 0.040627 0.031250
0 0.374641 0.733594 0.032815 0.035937
0 0.248860 0.629687 0.037497 0.025000
0 0.109016 0.554687 0.035936 0.021875
0 0.069179 0.506250 0.034376 0.031250
0 0.173077 0.558594 0.032815 0.039062
0 0.051206 0.385937 0.029685 0.031250
0 0.018391 0.346875 0.029685 0.031250
0 0.171517 0.322656 0.032815 0.039062
0 0.114487 0.304688 0.028125 0.031250
0 0.334015 0.356250 0.035936 0.043750
0 0.295738 0.331250 0.034376 0.043750
0 0.283236 0.157031 0.040627 0.039062
0 0.057457 0.150781 0.042187 0.048438
0 0.221515 0.010156 0.029685 0.020312
0 0.323082 0.028125 0.035936 0.037500
0 0.373861 0.068750 0.028125 0.050000
0 0.405896 0.219531 0.039066 0.029688
0 0.380892 0.300000 0.026564 0.028125
0 0.424640 0.165625 0.035936 0.031250
0 0.666051 0.117969 0.037497 0.042188
0 0.659020 0.044531 0.029685 0.035938
0 0.330114 0.827344 0.031246 0.035937
0 0.521516 0.690625 0.035936 0.043750
0 0.491831 0.746875 0.045308 0.025000
0 0.482459 0.803906 0.035936 0.045312
0 0.448864 0.792969 0.040627 0.045312
0 0.575425 0.778125 0.034376 0.028125
0 0.651988 0.800000 0.034376 0.037500
0 0.650428 0.725781 0.034376 0.045312
0 0.693395 0.703906 0.039066 0.039062
0 0.739484 0.688281 0.034376 0.029688
0 0.803554 0.763281 0.037497 0.051563
0 0.876987 0.842187 0.028125 0.046875
0 0.755116 0.883594 0.031246 0.032812
0 0.075421 0.640625 0.028125 0.037500
0 0.104335 0.736719 0.029685 0.035937
0 0.498862 0.509375 0.043748 0.040625
0 0.480890 0.453906 0.048438 0.035938
0 0.407457 0.361719 0.035936 0.035938
0 0.325423 0.497656 0.034376 0.026562
0 0.633235 0.559375 0.034376 0.050000
0 0.976204 0.087500 0.039066 0.037500
0 0.929335 0.986719 0.054689 0.026562
0 0.972303 0.582812 0.037497 0.037500
0 0.871516 0.682812 0.032815 0.031250
0 0.763707 0.474219 0.042187 0.032812