0 0.242481 0.010387 0.040204 0.020774
0 0.297499 0.008272 0.052903 0.016544
0 0.354632 0.045106 0.044434 0.044437
0 0.392721 0.010387 0.061363 0.020774
0 0.868831 0.340300 0.061363 0.055019
0 0.777839 0.370981 0.044434 0.035975
0 0.755627 0.343475 0.042319 0.031744
0 0.737635 0.391088 0.027504 0.029625
0 0.777839 0.408012 0.048673 0.029625
0 0.583165 0.609037 0.048673 0.046556
0 0.654051 0.601631 0.038089 0.044437
0 0.430810 0.566719 0.035974 0.038088
0 0.377907 0.564600 0.040204 0.046556
0 0.300667 0.602694 0.042319 0.033856
0 0.242481 0.604806 0.052903 0.033856
0 0.214967 0.564600 0.035974 0.042319
0 0.135622 0.581531 0.055018 0.042319
0 0.083771 0.547675 0.044434 0.042319
0 0.032993 0.521225 0.035974 0.044437
0 0.012793 0.523337 0.025585 0.040206
0 0.004326 0.564600 0.008651 0.046556
0 0.022408 0.974063 0.035974 0.035975
0 0.068957 0.973000 0.035974 0.042319
0 0.130330 0.971944 0.035974 0.035975
0 0.182171 0.975119 0.038089 0.038088
0 0.225552 0.990733 0.044434 0.018534
0 0.268933 0.888362 0.033859 0.042319
0 0.199100 0.866144 0.055018 0.031744
0 0.212852 0.904231 0.027504 0.035975
0 0.566236 0.826994 0.048673 0.042319
0 0.595865 0.778325 0.052903 0.042319
0 0.695317 0.810069 0.057133 0.042319
0 0.105890 0.643484 0.031328 0.028822
0 0.157268 0.610276 0.036341 0.030075
0 0.983709 0.736216 0.032581 0.041353
0 0.712406 0.033208 0.036341 0.036341