0 0.489491 0.073438 0.056250 0.040625
0 0.399646 0.025000 0.048438 0.050000
0 0.187140 0.000000 0.035936 0.000000
0 0.284017 0.053125 0.029685 0.037500
0 0.259802 0.041406 0.031246 0.039063
0 0.473859 0.353906 0.037497 0.032812
0 0.434022 0.407031 0.032815 0.029688
0 0.509015 0.385156 0.035936 0.029688
0 0.523078 0.415625 0.035936 0.034375
0 0.578547 0.307813 0.034376 0.034375
0 0.578547 0.150781 0.043748 0.039063
0 0.516046 0.166406 0.037497 0.026563
0 0.480110 0.666406 0.034376 0.029688
0 0.517616 0.648438 0.034376 0.046875
0 0.025423 0.743750 0.037497 0.031250
0 0.880898 0.596094 0.042187 0.042188
0 0.810777 0.157268 0.030075 0.026316
0 0.833960 0.218045 0.031328 0.027569
0 0.077068 0.410401 0.023810 0.021303
0 0.113409 0.459273 0.016291 0.023810