0 0.932733 0.688262 0.050788 0.061369
0 0.974827 0.731644 0.050346 0.046556
0 0.866078 0.731644 0.052903 0.033856
0 0.838564 0.782431 0.048673 0.029625
0 0.878768 0.655463 0.040204 0.046556
0 0.770846 0.684031 0.044434 0.040206
0 0.733820 0.698844 0.050788 0.035975
0 0.548668 0.641713 0.082523 0.048669
0 0.521154 0.593044 0.065603 0.048669
0 0.367737 0.711537 0.059248 0.061369
0 0.419587 0.620550 0.057133 0.048669
0 0.428047 0.522150 0.048673 0.050788
0 0.393136 0.513687 0.055018 0.055019
0 0.367737 0.480887 0.055018 0.040206
0 0.342347 0.513687 0.042319 0.038088
0 0.344462 0.586694 0.038089 0.040206
0 0.290506 0.575056 0.048673 0.042319
0 0.247125 0.576112 0.046549 0.035975
0 0.139204 0.615256 0.042319 0.042319
0 0.297914 0.686150 0.046549 0.048669
0 0.210099 0.538025 0.052903 0.044437
0 0.039752 0.444919 0.038089 0.044437
0 0.113815 0.410000 0.063478 0.050788
0 0.083133 0.358156 0.057133 0.035975
0 0.172010 0.301025 0.074063 0.057131
0 0.239718 0.401538 0.044434 0.050788
0 0.464286 0.587719 0.046366 0.050125
0 0.311404 0.535088 0.036341 0.040100
0 0.433584 0.822055 0.032581 0.040100
0 0.733083 0.759398 0.025063 0.030075
0 0.859023 0.711153 0.021303 0.023810