0 0.433240 0.894531 0.031246 0.026563
0 0.449643 0.942187 0.032815 0.031250
0 0.360578 0.870312 0.032815 0.034375
0 0.278553 0.822656 0.031246 0.026563
0 0.203551 0.857031 0.025004 0.020312
0 0.201990 0.789062 0.025004 0.021875
0 0.186358 0.838281 0.025004 0.035937
0 0.284804 0.942969 0.021874 0.029688
0 0.321521 0.911719 0.035936 0.026563
0 0.355896 0.980469 0.017183 0.023437
0 0.140270 0.847656 0.029685 0.039063
0 0.148861 0.800781 0.025004 0.029688
0 0.125427 0.806250 0.031246 0.031250
0 0.085581 0.839844 0.026564 0.026563
0 0.063707 0.750781 0.026564 0.035937
0 0.011930 0.796875 0.023860 0.028125
0 0.055115 0.785937 0.031246 0.021875
0 0.089491 0.537500 0.031246 0.031250
0 0.128548 0.529687 0.015623 0.028125
0 0.231675 0.546875 0.025004 0.031250
0 0.236366 0.405469 0.028125 0.032812
0 0.139490 0.425781 0.021874 0.026563
0 0.186358 0.486719 0.028125 0.035937
0 0.359017 0.475000 0.020313 0.034375
0 0.045734 0.626562 0.025004 0.040625
0 0.281674 0.248437 0.043748 0.037500
0 0.234796 0.255469 0.025004 0.035937