0 0.626984 0.506250 0.028125 0.043750
0 0.642617 0.461719 0.028125 0.042188
0 0.728551 0.430469 0.034376 0.039063
0 0.906672 0.452344 0.037497 0.042188
0 0.823858 0.305469 0.043748 0.035937
0 0.027772 0.142187 0.032815 0.034375
0 0.070739 0.043750 0.025004 0.028125
0 0.259021 0.404687 0.032815 0.021875
0 0.384803 0.250781 0.025004 0.026563
0 0.428550 0.232031 0.021874 0.026563
0 0.463706 0.251563 0.026564 0.025000
0 0.101205 0.075781 0.026564 0.020312
0 0.962141 0.896094 0.029685 0.020312
0 0.966832 0.871094 0.026564 0.029688
0 0.847302 0.109375 0.037497 0.040625