0 0.219470 0.224219 0.053121 0.039063
0 0.189006 0.264844 0.032812 0.039063
0 0.063222 0.267969 0.040626 0.042188
0 0.134319 0.750781 0.035936 0.032812
0 0.160876 0.781250 0.032812 0.046875
0 0.342131 0.696094 0.054687 0.045312
0 0.381974 0.753906 0.037502 0.026563
0 0.349161 0.775781 0.043750 0.029688
0 0.299939 0.825000 0.029688 0.046875
0 0.254631 0.846875 0.042184 0.046875
0 0.721035 0.889844 0.043750 0.035937
0 0.768691 0.826562 0.039060 0.050000
0 0.706191 0.821094 0.039060 0.032812
0 0.007519 0.651003 0.015038 0.033835
0 0.013158 0.617168 0.026316 0.028822