0 0.634798 0.989844 0.037497 0.020312
0 0.360581 0.717187 0.051559 0.056250
0 0.749647 0.489844 0.032815 0.042188
0 0.776202 0.260937 0.045308 0.059375
0 0.741046 0.195312 0.040627 0.043750
0 0.812928 0.182812 0.034376 0.050000
0 0.703550 0.016406 0.037497 0.032812
0 0.677765 0.090625 0.048438 0.037500
0 0.866828 0.652344 0.039066 0.039062
0 0.984587 0.503906 0.030825 0.039062
0 0.980684 0.415625 0.038632 0.031250
0 0.974646 0.386719 0.039066 0.029688
0 0.991619 0.378125 0.016762 0.037500
0 0.981460 0.359375 0.037080 0.031250
0 0.959803 0.045312 0.040627 0.031250
0 0.965264 0.075781 0.048438 0.035938
0 0.890271 0.089844 0.042187 0.035938
0 0.897243 0.635338 0.025063 0.017544