0 0.436363 0.043750 0.031246 0.037500
0 0.386365 0.128125 0.049999 0.037500
0 0.344177 0.246875 0.046878 0.031250
0 0.337146 0.206250 0.032815 0.021875
0 0.247301 0.128125 0.049999 0.034375
0 0.212925 0.139844 0.034376 0.035937
0 0.211365 0.108594 0.037497 0.020312
0 0.194172 0.085938 0.037497 0.025000
0 0.174648 0.132812 0.048438 0.037500
0 0.119959 0.121875 0.045308 0.031250
0 0.065270 0.275000 0.048438 0.034375
0 0.079332 0.233594 0.032815 0.023437
0 0.150425 0.382031 0.043748 0.039063
0 0.228548 0.356250 0.037497 0.037500
0 0.248861 0.395313 0.049999 0.031250
0 0.309021 0.345313 0.048438 0.043750
0 0.327765 0.438281 0.051559 0.042188
0 0.407458 0.472656 0.051559 0.042188
0 0.359020 0.547656 0.035936 0.032812
0 0.291829 0.514062 0.026564 0.031250
0 0.044957 0.403125 0.029685 0.031250
0 0.098085 0.788281 0.054689 0.032812
0 0.294179 0.817187 0.034376 0.059375
0 0.782452 0.956250 0.042187 0.031250
0 0.803546 0.884375 0.040627 0.034375
0 0.846523 0.880469 0.045308 0.035937
0 0.844953 0.919531 0.051559 0.032812
0 0.905113 0.939062 0.046878 0.043750
0 0.976205 0.760156 0.035936 0.029688
0 0.932458 0.739062 0.023434 0.018750
0 0.910584 0.804688 0.032815 0.037500
0 0.989278 0.342187 0.021444 0.028125
0 0.124687 0.412907 0.028822 0.023810