0 0.286661 0.257031 0.040626 0.048437
0 0.341348 0.199219 0.037502 0.039063
0 0.231973 0.239062 0.034378 0.037500
0 0.232756 0.209375 0.026565 0.025000
0 0.275723 0.147656 0.031247 0.042188
0 0.173379 0.038281 0.035936 0.029688
0 0.760095 0.620312 0.031247 0.037500
0 0.789001 0.623437 0.023441 0.040625
0 0.700718 0.546094 0.037502 0.035937
0 0.941350 0.533594 0.040626 0.035937
0 0.860098 0.831250 0.034378 0.043750
0 0.776505 0.560937 0.042184 0.034375
0 0.596816 0.180469 0.039060 0.035937
0 0.578848 0.148437 0.037502 0.028125