0 0.048084 0.428125 0.026564 0.037500
0 0.009587 0.339063 0.019174 0.034375
0 0.004901 0.292969 0.009802 0.035937
0 0.022300 0.146094 0.031246 0.029688
0 0.227765 0.910937 0.023434 0.031250
0 0.223084 0.880469 0.035936 0.020312
0 0.184798 0.882031 0.031246 0.017188
0 0.182457 0.903125 0.026564 0.021875
0 0.130898 0.832031 0.039066 0.029688
0 0.130108 0.864844 0.049999 0.020312
0 0.019959 0.982031 0.032815 0.035938
0 0.256679 0.725000 0.034376 0.034375
0 0.426989 0.699219 0.031246 0.032812
0 0.477767 0.710156 0.032815 0.023437
0 0.451983 0.719531 0.028125 0.023437
0 0.476987 0.765625 0.034376 0.025000
0 0.499641 0.740625 0.023434 0.021875
0 0.505892 0.776562 0.026564 0.021875
0 0.471516 0.903906 0.035936 0.023437
0 0.446522 0.994531 0.032815 0.010938
0 0.494170 0.979687 0.037497 0.037500
0 0.908240 0.946875 0.040627 0.031250
0 0.905110 0.911719 0.040627 0.029688
0 0.848861 0.864062 0.034376 0.025000
0 0.618391 0.987500 0.032815 0.025000
0 0.637925 0.971094 0.025004 0.026563
0 0.614490 0.927344 0.034376 0.029688
0 0.593397 0.904687 0.035936 0.037500
0 0.651207 0.874219 0.035936 0.035937
0 0.707456 0.810156 0.029685 0.026563
0 0.887927 0.794531 0.031246 0.026563
0 0.929334 0.789062 0.035936 0.034375
0 0.909801 0.744531 0.028125 0.026563
0 0.991619 0.600781 0.016762 0.035937
0 0.838709 0.609375 0.042187 0.025000
0 0.280894 0.437500 0.029685 0.028125
0 0.234796 0.445313 0.031246 0.028125
0 0.185578 0.441406 0.035936 0.026563
0 0.156673 0.471094 0.040627 0.029688
0 0.176206 0.394531 0.023434 0.029688
0 0.162924 0.380469 0.037497 0.023437
0 0.156673 0.356250 0.031246 0.031250
0 0.123867 0.357813 0.040627 0.028125
0 0.089491 0.282031 0.031246 0.020312
0 0.703546 0.266406 0.034376 0.029688
0 0.709797 0.311719 0.037497 0.029688
0 0.881676 0.349219 0.028125 0.023437
0 0.905110 0.366406 0.031246 0.032812
0 0.926984 0.310937 0.028125 0.037500
0 0.891048 0.448437 0.037497 0.025000
0 0.825426 0.415625 0.034376 0.028125
0 0.982456 0.671679 0.035088 0.027569