0 0.026990 0.614062 0.043748 0.046875
0 0.355116 0.747656 0.046878 0.029688
0 0.321521 0.710156 0.051559 0.039063
0 0.307458 0.657031 0.023434 0.023437
0 0.417617 0.803906 0.049999 0.051563
0 0.523865 0.684375 0.053129 0.053125
0 0.558241 0.658594 0.046878 0.029688
0 0.506672 0.637500 0.046878 0.040625
0 0.547299 0.572656 0.043748 0.042188
0 0.559021 0.476563 0.039066 0.040625
0 0.798862 0.505469 0.034376 0.045312
0 0.728550 0.117188 0.034376 0.043750
0 0.749644 0.207812 0.039066 0.031250
0 0.795741 0.134375 0.034376 0.031250
0 0.845740 0.160937 0.031246 0.031250
0 0.848861 0.093750 0.028125 0.031250
0 0.951208 0.100781 0.039066 0.032812
0 0.978337 0.179687 0.043326 0.034375
0 0.291980 0.207393 0.017544 0.021303
0 0.279449 0.197995 0.015038 0.020050