0 0.039489 0.507812 0.043748 0.031250
0 0.324180 0.213571 0.049363 0.036517
0 0.377767 0.107812 0.045308 0.037500
0 0.440267 0.119531 0.054689 0.048438
0 0.235582 0.062500 0.048438 0.040625
0 0.133235 0.117969 0.059370 0.035938
0 0.317616 0.778906 0.028125 0.035937
0 0.394179 0.689844 0.031246 0.029688
0 0.299643 0.692187 0.035936 0.031250
0 0.821522 0.314844 0.060940 0.042188
0 0.689489 0.215625 0.046878 0.050000
0 0.600832 0.012500 0.041443 0.025000
0 0.598084 0.314844 0.035936 0.032812
0 0.559017 0.282813 0.039066 0.034375
0 0.613707 0.261719 0.039066 0.039062
0 0.726206 0.220312 0.032815 0.037500
0 0.731677 0.260938 0.040627 0.037500
0 0.609016 0.439062 0.054689 0.046875
0 0.953554 0.893750 0.049999 0.040625
0 0.958235 0.717187 0.040627 0.037500
0 0.498867 0.125781 0.037497 0.042188
0 0.481830 0.778195 0.026316 0.025063