0 0.045526 0.243594 0.033013 0.045850
0 0.165649 0.198662 0.027504 0.029344
0 0.340790 0.446244 0.036679 0.047681
0 0.310531 0.492094 0.045844 0.040344
0 0.280263 0.544356 0.044011 0.034844
0 0.109710 0.581956 0.036679 0.044012
0 0.344456 0.582869 0.036679 0.034844
0 0.503090 0.628719 0.053185 0.034844
0 0.493004 0.662644 0.051352 0.033013
0 0.458158 0.724081 0.047686 0.031175
0 0.426067 0.742425 0.042178 0.038512
0 0.322450 0.721331 0.033013 0.040344
0 0.279351 0.730500 0.042178 0.033013
0 0.241228 0.681078 0.031328 0.023810
0 0.216080 0.740587 0.029347 0.042181
0 0.194075 0.750675 0.033013 0.036681
0 0.985826 0.990873 0.028348 0.018253