0 0.576984 0.353906 0.056250 0.070312
0 0.797301 0.117969 0.062501 0.051562
0 0.816834 0.183594 0.057810 0.054688
0 0.849895 0.164844 0.039558 0.057813
0 0.974431 0.589613 0.051138 0.048900
0 0.591046 0.471875 0.056250 0.046875
0 0.535577 0.441406 0.057810 0.045313
0 0.509802 0.371094 0.062501 0.051563
0 0.471516 0.349219 0.032815 0.032813
0 0.423867 0.354687 0.046878 0.034375
0 0.363707 0.414844 0.039066 0.035938
0 0.204507 0.439844 0.035581 0.039063
0 0.071517 0.610156 0.067191 0.064063
0 0.026990 0.546094 0.049999 0.035938
0 0.613709 0.598438 0.054689 0.062500
0 0.078321 0.686717 0.043860 0.042607