0 0.819196 0.051562 0.040622 0.040625
0 0.768412 0.010938 0.029688 0.021875
0 0.706694 0.001563 0.043750 0.003125
0 0.682477 0.015625 0.035937 0.031250
0 0.733261 0.040625 0.025003 0.040625
0 0.901226 0.158594 0.045314 0.042188
0 0.634042 0.638281 0.032816 0.032812
0 0.644976 0.664844 0.029688 0.042188
0 0.544978 0.528906 0.035937 0.045312
0 0.576230 0.444531 0.026560 0.023438
0 0.576230 0.416406 0.035937 0.026562
0 0.764513 0.492969 0.046878 0.045312
0 0.789509 0.461719 0.028124 0.035938
0 0.630326 0.347744 0.017544 0.021303