0 0.110579 0.871094 0.026564 0.029688
0 0.177770 0.846094 0.020313 0.026563
0 0.209016 0.840625 0.026564 0.025000
0 0.343398 0.810938 0.035936 0.031250
0 0.362922 0.786719 0.025004 0.032812
0 0.429333 0.714844 0.026564 0.032812
0 0.524639 0.818750 0.026564 0.028125
0 0.570737 0.794531 0.025004 0.035937
0 0.421521 0.993750 0.026564 0.012500
0 0.056679 0.785937 0.025004 0.028125
0 0.025424 0.777344 0.028125 0.032812
0 0.451207 0.587500 0.035936 0.031250
0 0.473080 0.525000 0.032815 0.028125
0 0.463709 0.500781 0.026564 0.023438
0 0.438705 0.499219 0.026564 0.026562
0 0.474641 0.760938 0.029685 0.031250
0 0.402768 0.396875 0.035936 0.028125
0 0.421521 0.366406 0.026564 0.029688
0 0.166048 0.375781 0.040627 0.029688
0 0.292610 0.257031 0.034376 0.026562
0 0.208235 0.271875 0.031246 0.025000
0 0.242611 0.184375 0.034376 0.031250
0 0.184021 0.164844 0.032815 0.023438
0 0.412920 0.288281 0.031246 0.035938
0 0.522299 0.146875 0.015623 0.028125
0 0.535581 0.147656 0.020313 0.032812
0 0.974646 0.964062 0.023434 0.021875
0 0.980116 0.981250 0.034376 0.018750
0 0.728134 0.991228 0.035215 0.017544
0 0.666833 0.759375 0.026564 0.031250
0 0.667613 0.690625 0.034376 0.037500
0 0.673864 0.640625 0.031246 0.021875
0 0.825421 0.460156 0.018753 0.023438
0 0.811358 0.504687 0.018753 0.025000
0 0.628547 0.296875 0.031246 0.031250
0 0.610584 0.195312 0.032815 0.028125