0 0.025426 0.600781 0.031246 0.032812
0 0.184022 0.919531 0.026564 0.039063
0 0.158238 0.888281 0.025004 0.032812
0 0.204336 0.852344 0.035936 0.032812
0 0.594173 0.375781 0.031246 0.029688
0 0.655893 0.348437 0.023434 0.040625
0 0.973867 0.331250 0.028125 0.034375
0 0.926989 0.344531 0.031246 0.035938
0 0.787145 0.472656 0.035936 0.026562
0 0.423863 0.335156 0.028125 0.035938
0 0.730896 0.243750 0.026564 0.021875
0 0.886362 0.320313 0.021874 0.015625
0 0.884022 0.296094 0.023434 0.029688
0 0.766832 0.327344 0.023434 0.010938
0 0.776984 0.306250 0.028125 0.018750
0 0.685578 0.058594 0.032815 0.035938
0 0.313705 0.246094 0.035936 0.020312
0 0.430895 0.203125 0.032815 0.018750
0 0.012531 0.349332 0.025062 0.016960
0 0.068393 0.319531 0.026564 0.026562