0 0.010600 0.263862 0.021200 0.033013
0 0.980450 0.212406 0.039100 0.048872
0 0.945493 0.222371 0.048419 0.058777
0 0.799144 0.241856 0.037412 0.046212
0 0.438231 0.136225 0.037412 0.041813
0 0.475643 0.018044 0.041811 0.036087
0 0.835456 0.013644 0.048419 0.027287
0 0.892674 0.042694 0.052819 0.044012
0 0.788146 0.062500 0.046210 0.039612
0 0.749634 0.032787 0.035212 0.024206
0 0.779338 0.140625 0.050619 0.041813
0 0.814551 0.161531 0.050619 0.039612
0 0.813451 0.198944 0.066026 0.039612
0 0.762832 0.522450 0.039612 0.048413