0 0.164490 0.716406 0.053129 0.039063
0 0.112141 0.675781 0.032815 0.042188
0 0.158239 0.609375 0.043748 0.040625
0 0.311365 0.601562 0.034376 0.053125
0 0.612146 0.757031 0.026564 0.048437
0 0.643392 0.766406 0.032815 0.048437
0 0.383237 0.742969 0.053129 0.035937
0 0.661365 0.812500 0.021874 0.037500
0 0.681678 0.810938 0.031246 0.031250
0 0.709023 0.816406 0.026564 0.029688
0 0.770734 0.879687 0.031246 0.031250
0 0.755111 0.861719 0.034376 0.029688
0 0.112141 0.315625 0.035936 0.028125
0 0.135585 0.353906 0.026564 0.023437
0 0.201206 0.352344 0.032815 0.032812
0 0.395990 0.237469 0.022556 0.023810
0 0.425439 0.244987 0.023810 0.021303
0 0.135338 0.288221 0.020050 0.017544
0 0.080201 0.619048 0.025063 0.022556