0 0.938709 0.259375 0.045308 0.043750
0 0.789484 0.160156 0.049999 0.039062
0 0.725423 0.184375 0.034376 0.031250
0 0.724642 0.216406 0.035936 0.035938
0 0.697298 0.242969 0.040627 0.045312
0 0.656671 0.224219 0.037497 0.045312
0 0.573077 0.151562 0.035936 0.028125
0 0.812927 0.277344 0.037497 0.042188
0 0.831671 0.312500 0.037497 0.050000
0 0.791834 0.322656 0.039066 0.045312
0 0.754328 0.304688 0.054689 0.046875
0 0.743395 0.344531 0.035936 0.054688
0 0.801986 0.367187 0.040627 0.040625
0 0.803546 0.410156 0.046878 0.042188
0 0.017402 0.667969 0.034804 0.042188
0 0.012714 0.700781 0.025428 0.035938
0 0.258233 0.921875 0.034376 0.037500
0 0.427772 0.786719 0.026564 0.026562
0 0.500424 0.748437 0.031246 0.034375
0 0.061404 0.849624 0.030075 0.037594