0 0.310142 0.884069 0.025916 0.030237
0 0.284950 0.915025 0.027354 0.028794
0 0.161848 0.855275 0.025916 0.030237
0 0.279188 0.774644 0.033116 0.038875
0 0.102092 0.698331 0.038878 0.030237
0 0.457732 0.315337 0.030240 0.035994
0 0.458446 0.380131 0.034554 0.027356
0 0.710413 0.534194 0.034554 0.030237
0 0.734176 0.451400 0.033116 0.028794
0 0.697460 0.377250 0.034554 0.030237
0 0.616827 0.491719 0.034554 0.043194
0 0.577234 0.392369 0.030240 0.034556
0 0.525402 0.413244 0.027354 0.035994
0 0.672982 0.573069 0.031678 0.033119
0 0.042336 0.326137 0.034554 0.034556
0 0.151762 0.141837 0.034554 0.034556
0 0.016849 0.732169 0.033698 0.031675
0 0.328867 0.269981 0.023039 0.020156
0 0.349744 0.286537 0.027354 0.027356
0 0.162562 0.014413 0.030240 0.027356
0 0.505182 0.159837 0.027230 0.030237
0 0.511001 0.201594 0.030240 0.030237
0 0.510278 0.338375 0.028792 0.030237
0 0.875940 0.139724 0.022556 0.018797
0 0.013158 0.648496 0.026316 0.023810
0 0.223684 0.370301 0.026316 0.023810
0 0.233083 0.436717 0.022556 0.021303
0 0.236842 0.406642 0.017544 0.021303
0 0.990602 0.391604 0.018796 0.018797