0 0.363703 0.957031 0.048438 0.042188
0 0.048860 0.875781 0.031246 0.035937
0 0.100428 0.818750 0.034376 0.028125
0 0.116051 0.773438 0.031246 0.028125
0 0.530892 0.967187 0.029685 0.025000
0 0.526211 0.950781 0.029685 0.020312
0 0.524641 0.925000 0.035936 0.040625
0 0.532452 0.850781 0.035936 0.035937
0 0.468391 0.797656 0.029685 0.032812
0 0.407460 0.811719 0.023434 0.032812
0 0.295741 0.742188 0.040627 0.037500
0 0.845735 0.912500 0.034376 0.034375
0 0.959015 0.834375 0.039066 0.043750
0 0.391048 0.532031 0.034376 0.035937
0 0.468391 0.517969 0.026564 0.032812
0 0.434796 0.418750 0.034376 0.028125
0 0.452768 0.608594 0.039066 0.026563
0 0.353551 0.390625 0.028125 0.025000
0 0.318395 0.416406 0.035936 0.026563
0 0.369954 0.325000 0.035936 0.031250
0 0.526211 0.234375 0.035936 0.034375
0 0.629329 0.250000 0.023434 0.028125
0 0.605894 0.254687 0.026564 0.025000
0 0.393398 0.082031 0.035936 0.026563
0 0.398079 0.057812 0.029685 0.028125
0 0.810777 0.350251 0.027569 0.023810
0 0.240602 0.869048 0.025063 0.021303
0 0.229323 0.899123 0.022556 0.018797
0 0.336466 0.897243 0.021303 0.020050
0 0.196742 0.953008 0.025063 0.016291
0 0.477444 0.458020 0.017544 0.018797
0 0.898496 0.420426 0.017544 0.018797
0 0.305764 0.323935 0.027569 0.021303