0 0.049642 0.375000 0.042187 0.037500
0 0.195737 0.507813 0.040627 0.053125
0 0.299645 0.478906 0.020313 0.020312
0 0.275421 0.453906 0.046878 0.042188
0 0.235584 0.422656 0.042187 0.042188
0 0.145738 0.351563 0.040627 0.050000
0 0.141048 0.321875 0.046878 0.037500
0 0.134797 0.259375 0.034376 0.046875
0 0.075426 0.346094 0.037497 0.035937
0 0.085578 0.317969 0.026564 0.026563
0 0.273860 0.352344 0.028125 0.029688
0 0.608237 0.411719 0.040627 0.039063
0 0.259018 0.210156 0.039066 0.042188
0 0.312927 0.198437 0.037497 0.034375
0 0.262531 0.417920 0.018797 0.023810
0 0.230576 0.400376 0.022556 0.018797