0 0.003336 0.986719 0.006672 0.026562
0 0.131674 0.510156 0.031246 0.032812
0 0.199645 0.458594 0.035936 0.035937
0 0.047299 0.289062 0.037497 0.037500
0 0.312925 0.389063 0.056250 0.043750
0 0.484023 0.389063 0.032815 0.034375
0 0.452768 0.455469 0.045308 0.032812
0 0.490265 0.545312 0.032815 0.031250
0 0.623078 0.582031 0.032815 0.029688
0 0.625428 0.276562 0.037497 0.037500
0 0.604334 0.233594 0.035936 0.023437
0 0.557456 0.240625 0.029685 0.031250
0 0.827772 0.142187 0.032815 0.034375
0 0.511359 0.817969 0.031246 0.032812
0 0.546515 0.831250 0.020313 0.025000
0 0.629329 0.833594 0.023434 0.026563
0 0.625428 0.856250 0.021874 0.028125
0 0.870739 0.043750 0.025004 0.028125
0 0.901205 0.075781 0.026564 0.020312
0 0.721514 0.292187 0.032815 0.021875
0 0.711362 0.328906 0.028125 0.026563