0 0.262922 0.950000 0.040627 0.034375
0 0.329333 0.871875 0.045308 0.034375
0 0.381673 0.801562 0.025004 0.021875
0 0.416048 0.800781 0.028125 0.029688
0 0.369960 0.689844 0.029685 0.029688
0 0.436362 0.679688 0.031246 0.025000
0 0.454335 0.675781 0.032815 0.032812
0 0.835580 0.741406 0.029685 0.026562
0 0.978554 0.735156 0.031246 0.020312
0 0.996308 0.737500 0.007384 0.021875
0 0.988492 0.696094 0.023016 0.017188
0 0.013710 0.890625 0.023434 0.034375
0 0.011931 0.792188 0.023862 0.034375
0 0.056677 0.617969 0.025004 0.023438
0 0.087142 0.571875 0.032815 0.031250
0 0.737923 0.582813 0.015623 0.031250
0 0.779330 0.533594 0.023434 0.032812
0 0.737143 0.507813 0.023434 0.037500
0 0.736363 0.440625 0.025004 0.025000
0 0.747304 0.392969 0.025004 0.032812
0 0.787142 0.352344 0.023434 0.032812
0 0.755896 0.287500 0.020313 0.031250
0 0.698077 0.329688 0.032815 0.028125
0 0.616052 0.242969 0.034376 0.023438
0 0.601210 0.378125 0.029685 0.043750
0 0.546520 0.360937 0.032815 0.034375
0 0.622303 0.695313 0.034376 0.028125
0 0.603550 0.753906 0.034376 0.032812
0 0.604330 0.785937 0.029685 0.021875
0 0.723861 0.711719 0.021874 0.029688
0 0.765268 0.707031 0.020313 0.026562
0 0.505113 0.931250 0.021874 0.031250
0 0.562143 0.980469 0.026564 0.026562
0 0.529328 0.829688 0.023434 0.025000
0 0.499643 0.817969 0.029685 0.032812
0 0.460586 0.539063 0.032815 0.037500
0 0.495742 0.468750 0.034376 0.028125
0 0.442613 0.460156 0.040627 0.029688
0 0.177768 0.350000 0.029685 0.031250
0 0.110577 0.473437 0.032815 0.037500
0 0.074640 0.440625 0.026564 0.025000
0 0.107456 0.287500 0.026564 0.028125
0 0.148083 0.243750 0.026564 0.034375
0 0.040265 0.264063 0.045308 0.037500
0 0.008808 0.336719 0.017615 0.020312
0 0.026202 0.421875 0.029685 0.021875
0 0.001776 0.018750 0.003552 0.037500