0 0.148864 0.689063 0.053129 0.056250
0 0.051207 0.632813 0.029685 0.028125
0 0.034804 0.653125 0.034376 0.031250
0 0.012141 0.725781 0.023434 0.026563
0 0.034014 0.729688 0.023434 0.037500
0 0.525428 0.922656 0.037497 0.035937
0 0.054328 0.564062 0.023434 0.034375
0 0.155895 0.258594 0.042187 0.035938
0 0.206674 0.172656 0.049999 0.045312
0 0.400426 0.132812 0.049999 0.040625
0 0.378553 0.082812 0.043748 0.043750
0 0.422300 0.078125 0.043748 0.053125
0 0.591829 0.041438 0.026564 0.032750
0 0.615273 0.100781 0.032815 0.042188
0 0.651629 0.014411 0.035088 0.028822