0 0.962929 0.093750 0.034376 0.034375
0 0.845739 0.126562 0.034376 0.031250
0 0.862922 0.164844 0.037497 0.029688
0 0.730110 0.625781 0.025004 0.026562
0 0.819955 0.778125 0.032815 0.028125
0 0.821515 0.806250 0.042187 0.021875
0 0.792610 0.746094 0.034376 0.042188
0 0.673860 0.700000 0.025004 0.028125
0 0.687922 0.735937 0.028125 0.028125
0 0.654327 0.710937 0.020313 0.031250
0 0.545738 0.701562 0.040627 0.037500
0 0.427768 0.667187 0.032815 0.031250
0 0.389491 0.651563 0.031246 0.025000
0 0.368398 0.637500 0.032815 0.025000
0 0.061365 0.496875 0.025004 0.031250