0 0.106672 0.452344 0.037497 0.042188
0 0.023858 0.305469 0.043748 0.035937
0 0.226202 0.995312 0.029685 0.009375
0 0.208239 0.971875 0.031246 0.031250
0 0.162141 0.896094 0.029685 0.020312
0 0.166832 0.871094 0.026564 0.029688
0 0.891046 0.687500 0.040627 0.025000
0 0.912929 0.750781 0.031246 0.042188
0 0.679329 0.991406 0.032815 0.017188
0 0.328550 0.661719 0.053129 0.042188
0 0.741830 0.652344 0.020313 0.035937
0 0.694952 0.653125 0.026564 0.031250
0 0.771515 0.642969 0.035936 0.026563
0 0.812922 0.609375 0.031246 0.028125
0 0.845738 0.560937 0.025004 0.028125
0 0.904328 0.515625 0.026564 0.034375
0 0.809021 0.471094 0.026564 0.026563
0 0.823864 0.385156 0.037497 0.029688
0 0.805891 0.344531 0.026564 0.023437
0 0.690271 0.351563 0.039066 0.031250
0 0.701983 0.315625 0.031246 0.034375
0 0.653555 0.415625 0.037497 0.037500
0 0.458241 0.071875 0.018753 0.028125
0 0.446520 0.042969 0.026564 0.020312
0 0.452771 0.017969 0.023434 0.020312
0 0.408233 0.022656 0.025004 0.029688
0 0.047302 0.109375 0.037497 0.040625