0 0.046517 0.956250 0.029685 0.025000
0 0.060579 0.939063 0.023434 0.018750
0 0.149644 0.918750 0.035936 0.028125
0 0.219176 0.928906 0.034376 0.026562
0 0.216836 0.954688 0.032815 0.028125
0 0.191051 0.983594 0.028125 0.023438
0 0.218396 0.988281 0.029685 0.023437
0 0.461367 0.860938 0.034376 0.037500
0 0.766049 0.753906 0.037497 0.029688
0 0.772300 0.782812 0.037497 0.028125
0 0.950421 0.992969 0.043748 0.014062
0 0.919956 0.964844 0.035936 0.039062
0 0.857455 0.925781 0.048438 0.048438
0 0.828550 0.864062 0.037497 0.037500
0 0.719172 0.859375 0.034376 0.037500
0 0.796515 0.967188 0.042187 0.053125
0 0.738705 0.940625 0.042187 0.043750
0 0.682455 0.989844 0.042187 0.020312
0 0.756678 0.983594 0.053129 0.032812