0 0.651208 0.471875 0.039066 0.037500
0 0.558242 0.431250 0.028125 0.040625
0 0.575425 0.486719 0.043748 0.023438
0 0.584017 0.527344 0.042187 0.029688
0 0.465267 0.574219 0.035936 0.029688
0 0.365270 0.507813 0.039066 0.037500
0 0.347297 0.664063 0.031246 0.043750
0 0.171517 0.618750 0.035936 0.028125
0 0.116828 0.603906 0.026564 0.029688
0 0.112927 0.667188 0.034376 0.028125
0 0.062928 0.657031 0.028125 0.020312
0 0.120738 0.759375 0.031246 0.031250
0 0.053547 0.717969 0.028125 0.023438
0 0.489491 0.948438 0.034376 0.034375
0 0.540269 0.829688 0.023434 0.031250
0 0.609021 0.832812 0.032815 0.031250
0 0.652769 0.878125 0.035936 0.037500
0 0.781671 0.979688 0.028125 0.025000
0 0.782460 0.950781 0.020313 0.023438