0 0.606672 0.183594 0.059370 0.067187
0 0.573077 0.193750 0.051559 0.043750
0 0.457457 0.264063 0.054689 0.053125
0 0.325424 0.242969 0.053129 0.051562
0 0.163707 0.120312 0.064061 0.053125
0 0.157456 0.166406 0.064061 0.039062
0 0.088704 0.200000 0.054689 0.046875
0 0.169958 0.334586 0.064061 0.052632
0 0.290268 0.364662 0.045308 0.032581
0 0.114488 0.607031 0.068752 0.054687
0 0.094175 0.696094 0.068752 0.073437
0 0.094175 0.878906 0.059370 0.060938
0 0.162146 0.921094 0.057810 0.035938
0 0.180890 0.882812 0.067191 0.034375
0 0.203553 0.940625 0.043748 0.043750
0 0.385584 0.980469 0.070312 0.039062
0 0.096491 0.094612 0.035088 0.046366