0 0.225424 0.911719 0.059370 0.045312
0 0.334023 0.937500 0.045308 0.040625
0 0.401204 0.852344 0.048438 0.057812
0 0.550429 0.867188 0.043748 0.043750
0 0.008024 0.739844 0.016048 0.039063
0 0.203551 0.685156 0.053129 0.045312
0 0.232659 0.778184 0.054291 0.037617
0 0.386362 0.748437 0.037497 0.040625
0 0.491050 0.710156 0.040627 0.042188
0 0.463705 0.616406 0.051559 0.035938
0 0.384801 0.644531 0.049999 0.032812
0 0.273863 0.625781 0.056250 0.048438
0 0.103553 0.579687 0.043748 0.040625
0 0.011148 0.545312 0.022295 0.034375
0 0.295736 0.396875 0.040627 0.034375
0 0.147301 0.306250 0.031246 0.034375
0 0.180897 0.309375 0.032815 0.031250
0 0.234016 0.403906 0.032815 0.039062
0 0.429329 0.475000 0.035936 0.034375
0 0.374640 0.560937 0.029685 0.040625
0 0.036362 0.363281 0.043748 0.039062
0 0.098083 0.268750 0.032815 0.031250
0 0.013493 0.205469 0.026986 0.039062
0 0.839489 0.507812 0.043748 0.031250
0 0.933235 0.117969 0.059370 0.035938
0 0.098863 0.988281 0.034376 0.023438
0 0.069178 0.539844 0.028125 0.029688
0 0.669180 0.639062 0.034376 0.037500
0 0.553258 0.758145 0.033835 0.032581
0 0.187970 0.847118 0.037594 0.032581
0 0.180451 0.719298 0.030075 0.020050