0 0.006464 0.385937 0.012928 0.028125
0 0.184803 0.548437 0.028125 0.028125
0 0.258235 0.550781 0.028125 0.039063
0 0.217609 0.467969 0.034376 0.032812
0 0.548084 0.056250 0.067191 0.053125
0 0.634019 0.038281 0.051559 0.051563
0 0.777773 0.019531 0.042187 0.039062
0 0.778554 0.100781 0.049999 0.057812
0 0.843395 0.446875 0.051559 0.059375
0 0.982243 0.521094 0.035514 0.048437
0 0.988491 0.407031 0.023017 0.039063
0 0.999431 0.453125 0.001138 0.025000
0 0.547304 0.821875 0.034376 0.034375
0 0.386367 0.887500 0.028125 0.028125
0 0.574639 0.853125 0.035936 0.021875
0 0.666835 0.921094 0.042187 0.039063
0 0.719954 0.918750 0.045308 0.043750
0 0.739487 0.872656 0.059370 0.035937
0 0.065163 0.423559 0.027569 0.022556