0 0.120295 0.657706 0.046549 0.055019
0 0.174251 0.649244 0.052903 0.042319
0 0.299102 0.584706 0.061363 0.065600
0 0.342473 0.698975 0.050788 0.044437
0 0.387969 0.664056 0.052903 0.046556
0 0.484253 0.677812 0.046549 0.052900
0 0.502236 0.628081 0.057133 0.067712
0 0.605927 0.572006 0.052903 0.044437
0 0.469439 0.742350 0.059248 0.055019
0 0.477908 0.513819 0.050788 0.063481
0 0.423943 0.541325 0.074063 0.059250
0 0.371040 0.491600 0.052903 0.048669
0 0.314969 0.474669 0.042319 0.044437
0 0.294862 0.515931 0.061363 0.038088
0 0.239844 0.514875 0.065603 0.061369
0 0.171074 0.499006 0.063478 0.055019
0 0.190118 0.405900 0.042319 0.050787
0 0.220800 0.440812 0.044434 0.052900
0 0.006266 0.291980 0.012531 0.040100
0 0.389724 0.460526 0.027569 0.036341