0 0.008028 0.682813 0.016056 0.040625
0 0.010368 0.762500 0.020736 0.043750
0 0.273865 0.618750 0.028125 0.037500
0 0.298859 0.596875 0.037497 0.037500
0 0.248081 0.589844 0.032815 0.029688
0 0.244960 0.629688 0.039066 0.031250
0 0.186360 0.582813 0.025004 0.043750
0 0.164486 0.576563 0.025004 0.034375
0 0.112147 0.557813 0.032815 0.028125
0 0.101206 0.504687 0.035936 0.037500
0 0.087923 0.607031 0.037497 0.048438
0 0.259802 0.564844 0.031246 0.032812
0 0.991620 0.749219 0.016760 0.054688
0 0.937928 0.643750 0.040627 0.040625
0 0.967613 0.869531 0.053129 0.054688