0 0.188146 0.488119 0.031678 0.033119
0 0.229177 0.529869 0.033116 0.027356
0 0.160783 0.519794 0.031678 0.024475
0 0.120466 0.462200 0.031678 0.038875
0 0.481868 0.451400 0.040317 0.040313
0 0.339326 0.475156 0.034554 0.038875
0 0.303324 0.735044 0.046079 0.043194
0 0.406273 0.800556 0.044631 0.047513
0 0.140629 0.745125 0.037431 0.037437
0 0.178060 0.630656 0.031678 0.038875
0 0.303324 0.629937 0.043193 0.046075
0 0.721107 0.928287 0.055018 0.043225
0 0.732895 0.847725 0.047160 0.039300
0 0.687700 0.762250 0.035372 0.033406
0 0.815418 0.892289 0.047160 0.032698
0 0.823276 0.968555 0.043231 0.037360
0 0.642505 0.954887 0.043231 0.042607
0 0.532581 0.481203 0.032581 0.030075
0 0.469298 0.668546 0.031328 0.026316