0 0.026986 0.024219 0.031246 0.039063
0 0.162139 0.000781 0.029685 0.001562
0 0.167610 0.041406 0.034376 0.032812
0 0.056671 0.125000 0.034376 0.031250
0 0.223079 0.065625 0.029685 0.028125
0 0.411361 0.057031 0.034376 0.029688
0 0.019175 0.137500 0.025004 0.028125
0 0.075424 0.400781 0.049999 0.045312
0 0.194955 0.361719 0.048438 0.060937
0 0.403550 0.314844 0.040627 0.048437
0 0.415272 0.448437 0.039066 0.037500
0 0.166050 0.224219 0.037497 0.035937
0 0.827772 0.942187 0.032815 0.034375
0 0.554335 0.482813 0.054689 0.037500
0 0.484023 0.378906 0.054689 0.042188
0 0.572299 0.148437 0.043748 0.034375
0 0.562147 0.176562 0.029685 0.031250
0 0.525421 0.091406 0.034376 0.035937
0 0.500426 0.083594 0.018753 0.020312
0 0.372304 0.119531 0.043748 0.023437
0 0.616827 0.104688 0.032815 0.031250
0 0.623867 0.089062 0.046878 0.034375
0 0.597303 0.036719 0.043748 0.042188
0 0.639490 0.019531 0.046878 0.035937
0 0.559017 0.009375 0.054689 0.018750
0 0.461360 0.640625 0.031246 0.040625
0 0.244953 0.316406 0.054689 0.048437
0 0.870739 0.843750 0.025004 0.028125
0 0.883241 0.664062 0.037497 0.031250
0 0.888703 0.611719 0.032815 0.039063
0 0.985371 0.603906 0.029258 0.042188
0 0.941051 0.414063 0.031246 0.028125
0 0.966046 0.408594 0.031246 0.023437
0 0.913707 0.368750 0.035936 0.028125
0 0.716833 0.314844 0.029685 0.026563
0 0.731676 0.296875 0.025004 0.028125
0 0.709022 0.366406 0.026564 0.023437
0 0.726205 0.344531 0.020313 0.014063
0 0.766052 0.467969 0.025004 0.023437
0 0.678547 0.385156 0.025004 0.020312
0 0.651992 0.396094 0.028125 0.026563
0 0.901205 0.875781 0.026564 0.020312
0 0.873860 0.773438 0.018753 0.021875
0 0.917617 0.776562 0.025004 0.021875
0 0.751989 0.257813 0.034376 0.034375
0 0.683238 0.210937 0.031246 0.028125
0 0.794176 0.322656 0.028125 0.029688