0 0.918392 0.365625 0.032815 0.018750
0 0.970740 0.329687 0.028125 0.034375
0 0.957458 0.384375 0.029685 0.031250
0 0.703555 0.461719 0.034376 0.029688
0 0.218392 0.558594 0.035936 0.029688
0 0.439490 0.762500 0.028125 0.037500
0 0.913710 0.857812 0.026564 0.028125
0 0.746522 0.503906 0.029685 0.023437
0 0.825426 0.476563 0.037497 0.031250
0 0.767616 0.154687 0.031246 0.028125
0 0.848860 0.075781 0.031246 0.035937
0 0.900428 0.018750 0.034376 0.028125
0 0.313283 0.578947 0.022556 0.020050
0 0.365288 0.599624 0.021303 0.021303
0 0.486216 0.658521 0.035088 0.021303
0 0.135338 0.612782 0.027569 0.022556
0 0.886591 0.276316 0.023810 0.026316
0 0.872807 0.385965 0.016291 0.017544
0 0.510025 0.549499 0.017544 0.026316