0 0.016630 0.535937 0.033260 0.037500
0 0.130919 0.478078 0.035937 0.031344
0 0.223882 0.551562 0.059376 0.050000
0 0.141074 0.569531 0.034373 0.032812
0 0.203571 0.472656 0.053127 0.045312
0 0.266853 0.397656 0.039065 0.045312
0 0.322322 0.516406 0.049999 0.042188
0 0.323101 0.550000 0.057812 0.043750
0 0.428569 0.492969 0.043750 0.051562
0 0.423105 0.411719 0.042186 0.048438
0 0.979913 0.362500 0.040174 0.053125
0 0.988504 0.477344 0.022992 0.045312
0 0.982253 0.460156 0.035493 0.039062
0 0.576229 0.515625 0.064061 0.034375
0 0.523881 0.464844 0.034373 0.045312
0 0.008145 0.549499 0.016290 0.041353
0 0.161028 0.424812 0.028822 0.025063