0 0.387927 0.593750 0.037497 0.040625
0 0.450428 0.572656 0.028125 0.023437
0 0.447298 0.512500 0.031246 0.037500
0 0.408241 0.539062 0.040627 0.031250
0 0.541053 0.485937 0.037497 0.034375
0 0.571519 0.517187 0.032815 0.031250
0 0.562927 0.440625 0.031246 0.037500
0 0.587141 0.432031 0.039066 0.045312
0 0.770742 0.330469 0.037497 0.042188
0 0.861358 0.440625 0.031246 0.037500
0 0.900425 0.441406 0.037497 0.039063
0 0.928549 0.446875 0.028125 0.037500
0 0.865269 0.381250 0.029685 0.037500
0 0.887142 0.319531 0.029685 0.035937
0 0.944952 0.353125 0.032815 0.031250
0 0.915267 0.379687 0.039066 0.034375
0 0.990837 0.391406 0.018326 0.035937