0 0.022087 0.811719 0.044174 0.051563
0 0.068922 0.898637 0.025063 0.022274
0 0.487929 0.928906 0.059370 0.045312
0 0.555111 0.855469 0.034376 0.042188
0 0.434372 0.832462 0.033511 0.024299
0 0.448862 0.731250 0.040627 0.050000
0 0.377770 0.502344 0.070312 0.054688
0 0.098083 0.563281 0.057810 0.060937
0 0.288705 0.453125 0.054689 0.043750
0 0.409796 0.386719 0.062501 0.054688
0 0.299647 0.337500 0.060940 0.056250
0 0.278553 0.253906 0.068752 0.042188
0 0.123867 0.305469 0.037497 0.026563
0 0.041053 0.285156 0.025004 0.026563
0 0.023080 0.253906 0.023434 0.032812
0 0.225424 0.111719 0.059370 0.045312
0 0.334023 0.137500 0.045308 0.040625
0 0.401204 0.050125 0.048438 0.035088
0 0.550429 0.058371 0.043748 0.026116
0 0.098863 0.190625 0.034376 0.028125
0 0.405115 0.746094 0.028125 0.029688
0 0.428549 0.803906 0.031246 0.023437
0 0.834798 0.439063 0.031246 0.031250
0 0.831677 0.537500 0.037497 0.040625
0 0.219925 0.851504 0.028822 0.031328
0 0.604010 0.385965 0.032581 0.022556
0 0.023183 0.973058 0.028822 0.033835
0 0.208020 0.549499 0.022556 0.021303
0 0.194236 0.576441 0.027569 0.022556
0 0.191729 0.620301 0.022556 0.020050
0 0.163534 0.646617 0.023810 0.025063
0 0.213033 0.699875 0.027569 0.021303
0 0.399749 0.800752 0.035088 0.032581