0 0.347393 0.975083 0.034846 0.049834
0 0.340061 0.858462 0.049519 0.066019
0 0.251118 0.991587 0.040345 0.016825
0 0.212606 0.953831 0.055018 0.055019
0 0.167674 0.971250 0.049519 0.045850
0 0.103482 0.910731 0.042178 0.049519
0 0.062225 0.908900 0.047686 0.045850
0 0.216272 0.844712 0.036679 0.042181
0 0.289630 0.597622 0.047686 0.044868
0 0.036544 0.460506 0.036679 0.047681
0 0.088808 0.477012 0.038512 0.044012
0 0.098904 0.434831 0.044011 0.047681
0 0.130996 0.373394 0.056851 0.064188
0 0.148414 0.328462 0.051352 0.069687
0 0.238278 0.344237 0.044011 0.060899
0 0.241944 0.246850 0.033013 0.049519
0 0.760652 0.619674 0.037594 0.018797