0 0.008807 0.732812 0.017613 0.037500
0 0.015838 0.781250 0.031676 0.034375
0 0.026990 0.714844 0.021874 0.017188
0 0.045733 0.617969 0.034376 0.029688
0 0.014277 0.592187 0.028554 0.025000
0 0.019958 0.625781 0.023434 0.023437
0 0.008026 0.520312 0.016052 0.037500
0 0.046523 0.430469 0.020313 0.017188
0 0.082459 0.550000 0.032815 0.031250
0 0.223083 0.514844 0.035936 0.026563
0 0.363707 0.518750 0.035936 0.034375
0 0.362927 0.550000 0.031246 0.025000
0 0.370738 0.615625 0.053129 0.043750
0 0.435579 0.611719 0.039066 0.032812
0 0.877765 0.390625 0.032815 0.034375
0 0.641834 0.392187 0.029685 0.018750
0 0.587925 0.560937 0.037497 0.031250
0 0.562921 0.527344 0.025004 0.029688
0 0.524644 0.498437 0.026564 0.021875
0 0.541828 0.482031 0.023434 0.020312
0 0.626202 0.533594 0.029685 0.026563
0 0.687922 0.511719 0.037497 0.032812
0 0.745742 0.044531 0.037497 0.029688
0 0.798246 0.813910 0.022556 0.026316
0 0.755013 0.806391 0.021303 0.023810
0 0.780702 0.754386 0.017544 0.020050