0 0.380114 0.211719 0.028125 0.029688
0 0.385585 0.175000 0.029685 0.028125
0 0.562145 0.151562 0.032815 0.025000
0 0.504335 0.120312 0.026564 0.025000
0 0.603552 0.503906 0.018753 0.023438
0 0.637148 0.503125 0.023434 0.021875
0 0.688707 0.506250 0.023434 0.028125
0 0.609023 0.435937 0.020313 0.021875
0 0.575428 0.475000 0.021874 0.018750
0 0.521519 0.455469 0.017183 0.023438
0 0.494174 0.479687 0.021874 0.025000
0 0.452767 0.481250 0.029685 0.031250
0 0.836362 0.764062 0.031246 0.031250
0 0.812928 0.816406 0.031246 0.029688
0 0.738706 0.850781 0.029685 0.026562
0 0.860577 0.814063 0.020313 0.031250
0 0.905114 0.789844 0.021874 0.026562
0 0.903553 0.756250 0.015623 0.015625
0 0.925427 0.768750 0.025004 0.025000
0 0.966054 0.815625 0.018753 0.028125
0 0.928548 0.840625 0.028125 0.028125
0 0.459798 0.985156 0.025004 0.026562