0 0.071866 0.918081 0.040317 0.047513
0 0.154661 0.704269 0.038878 0.031675
0 0.154661 0.658912 0.033116 0.030238
0 0.206493 0.615000 0.030240 0.034556
0 0.236009 0.599156 0.028792 0.040312
0 0.050989 0.566762 0.030240 0.041756
0 0.095629 0.579719 0.027354 0.038875
0 0.366312 0.494050 0.035993 0.031675
0 0.967442 0.846806 0.031678 0.037437
0 0.852254 0.833818 0.040317 0.031612
0 0.619726 0.872006 0.027354 0.024475
0 0.589802 0.910903 0.026722 0.027319
0 0.529731 0.852564 0.028792 0.025929
0 0.634841 0.959095 0.028792 0.025960
0 0.662195 0.985031 0.037431 0.028794
0 0.831377 0.617875 0.027354 0.037438
0 0.904809 0.576125 0.024478 0.037438
0 0.914172 0.515650 0.025916 0.025919
0 0.973204 0.641631 0.040317 0.030238
0 0.742829 0.509887 0.020154 0.023037
0 0.725551 0.529325 0.046079 0.030238
0 0.846492 0.448700 0.031678 0.027356
0 0.983002 0.531487 0.033996 0.031675
0 0.653557 0.430700 0.034554 0.028794
0 0.648518 0.464537 0.030240 0.035994
0 0.889098 0.622180 0.028822 0.023810
0 0.409148 0.971178 0.033835 0.027569
0 0.350877 0.667920 0.030075 0.027569
0 0.332080 0.772556 0.027569 0.018797
0 0.357769 0.798872 0.028822 0.023810
0 0.132832 0.893484 0.032581 0.027569
0 0.021930 0.802632 0.028822 0.023810
0 0.253759 0.953008 0.016291 0.026316
0 0.367168 0.920426 0.022556 0.021303
0 0.375313 0.964286 0.028822 0.026316