0 0.030113 0.696875 0.028125 0.025000
0 0.069179 0.736719 0.028125 0.023437
0 0.144172 0.739062 0.028125 0.028125
0 0.201992 0.723437 0.028125 0.028125
0 0.237148 0.692187 0.032815 0.034375
0 0.187140 0.660937 0.032815 0.025000
0 0.123859 0.577344 0.034376 0.026563
0 0.107456 0.546094 0.023434 0.020312
0 0.262142 0.643750 0.026564 0.025000
0 0.287146 0.315625 0.029685 0.031250
0 0.340266 0.288281 0.035936 0.032812
0 0.194960 0.103906 0.029685 0.029688
0 0.747304 0.012500 0.043748 0.025000
0 0.175439 0.356516 0.025063 0.021303