0 0.195733 0.926562 0.031246 0.050000
0 0.127771 0.743750 0.035936 0.037500
0 0.086364 0.133594 0.037497 0.023437
0 0.051208 0.151562 0.029685 0.031250
0 0.014492 0.171875 0.021874 0.028125
0 0.027765 0.203906 0.023434 0.039063
0 0.004901 0.196094 0.009801 0.032812
0 0.029335 0.279687 0.026564 0.031250
0 0.097297 0.331250 0.034376 0.037500
0 0.069172 0.421094 0.031246 0.045312
0 0.135583 0.343750 0.023434 0.028125
0 0.290269 0.319531 0.042187 0.045312
0 0.329336 0.133594 0.035936 0.051563
0 0.357460 0.190625 0.029685 0.037500
0 0.624646 0.491406 0.054689 0.042188
0 0.612144 0.457813 0.032815 0.028125
0 0.626987 0.415625 0.034376 0.034375
0 0.662923 0.360937 0.028125 0.028125
0 0.864487 0.650000 0.040627 0.043750
0 0.909015 0.489063 0.035936 0.025000
0 0.923077 0.447656 0.039066 0.029688
0 0.771521 0.145312 0.045308 0.040625
0 0.780893 0.105469 0.035936 0.035937
0 0.757459 0.105469 0.035936 0.020312