0 0.247887 0.037059 0.035555 0.029006
0 0.541052 0.010937 0.025004 0.021874
0 0.011149 0.495313 0.022298 0.040625
0 0.087145 0.436719 0.032815 0.035937
0 0.069952 0.394531 0.035936 0.039063
0 0.032455 0.309375 0.032815 0.031250
0 0.136363 0.373437 0.031246 0.021875
0 0.141054 0.400781 0.034376 0.035937
0 0.166828 0.395313 0.029685 0.034375
0 0.094176 0.531250 0.040627 0.043750
0 0.062141 0.524219 0.032815 0.039063
0 0.697299 0.644531 0.043748 0.045312
0 0.040088 0.988722 0.030051 0.022556
0 0.169959 0.987500 0.029685 0.025000
0 0.201984 0.945312 0.028125 0.031250
0 0.060777 0.959273 0.018797 0.021303