0 0.012713 0.223437 0.025426 0.040625
0 0.095738 0.203125 0.040627 0.043750
0 0.155108 0.276562 0.037497 0.034375
0 0.029327 0.314063 0.042187 0.034375
0 0.334798 0.329688 0.031246 0.031250
0 0.360583 0.275781 0.026564 0.035938
0 0.387927 0.485156 0.028125 0.039063
0 0.338709 0.488281 0.042187 0.032812
0 0.287921 0.421875 0.037497 0.031250
0 0.019955 0.530469 0.026564 0.029688
0 0.194955 0.421094 0.029685 0.032813
0 0.326987 0.361719 0.031246 0.020313
0 0.373865 0.406250 0.028125 0.025000
0 0.606675 0.969531 0.034376 0.032812
0 0.628548 0.913281 0.031246 0.029687
0 0.564487 0.924219 0.028125 0.035937
0 0.489485 0.917187 0.034376 0.040625
0 0.469171 0.991406 0.034376 0.017188
0 0.498086 0.588281 0.039066 0.032813
0 0.516049 0.556250 0.031246 0.034375
0 0.461360 0.267969 0.043748 0.045313
0 0.529331 0.289844 0.042187 0.039063
0 0.564487 0.254688 0.028125 0.034375
0 0.692609 0.525000 0.031246 0.025000
0 0.659803 0.524219 0.034376 0.029687
0 0.781674 0.469531 0.043748 0.039063
0 0.821521 0.455469 0.039066 0.032813
0 0.811360 0.226563 0.028125 0.034375
0 0.790266 0.246094 0.026564 0.032813
0 0.780894 0.227344 0.029685 0.026563
0 0.687148 0.245312 0.032815 0.028125
0 0.995525 0.516406 0.008950 0.023438