0 0.821515 0.227344 0.042187 0.029688
0 0.876204 0.291406 0.035936 0.029688
0 0.837928 0.341406 0.031246 0.032812
0 0.760584 0.332813 0.045308 0.031250
0 0.702765 0.345313 0.029685 0.018750
0 0.686362 0.375781 0.034376 0.035937
0 0.748863 0.379687 0.031246 0.031250
0 0.858241 0.417969 0.034376 0.032812
0 0.985589 0.256892 0.028822 0.022556
0 0.257519 0.071429 0.026316 0.025063
0 0.220551 0.074561 0.022556 0.018797
0 0.116541 0.014411 0.025063 0.016291
0 0.250627 0.011278 0.037594 0.022556
0 0.243734 0.037594 0.026316 0.017544