0 0.022300 0.281250 0.028125 0.028125
0 0.065267 0.337500 0.029685 0.025000
0 0.022300 0.946094 0.031246 0.029688
0 0.066047 0.447656 0.053129 0.032812
0 0.105894 0.426562 0.042187 0.025000
0 0.080110 0.412500 0.037497 0.034375
0 0.132458 0.372656 0.051559 0.032812
0 0.114486 0.341406 0.037497 0.029688
0 0.126988 0.207031 0.028125 0.023438
0 0.168395 0.200781 0.026564 0.032812
0 0.191829 0.242969 0.032815 0.032812
0 0.224644 0.296875 0.026564 0.031250
0 0.223864 0.232031 0.028125 0.023438
0 0.250428 0.248438 0.034376 0.028125
0 0.287145 0.268750 0.032815 0.034375
0 0.378550 0.231250 0.034376 0.028125
0 0.444172 0.642969 0.053129 0.045312