0 0.148083 0.731250 0.064061 0.053125
0 0.132460 0.632031 0.042187 0.054688
0 0.178548 0.612500 0.040627 0.037500
0 0.212924 0.639844 0.043748 0.035937
0 0.455895 0.617969 0.039066 0.035937
0 0.461366 0.527344 0.031246 0.035937
0 0.463706 0.452344 0.048438 0.045312
0 0.532458 0.409375 0.042187 0.037500
0 0.581676 0.404687 0.043748 0.034375
0 0.621523 0.403906 0.029685 0.032812
0 0.073080 0.596875 0.026564 0.025000
0 0.654329 0.829688 0.054689 0.046875
0 0.522297 0.808594 0.040627 0.039063
0 0.373861 0.783594 0.049999 0.045312
0 0.604330 0.664844 0.045308 0.035937
0 0.636366 0.631250 0.031246 0.037500
0 0.855113 0.767969 0.062501 0.039063
0 0.983024 0.728906 0.033952 0.045312
0 0.941048 0.634375 0.049999 0.040625
0 0.862924 0.513281 0.034376 0.035937
0 0.763707 0.555469 0.029685 0.029688
0 0.636366 0.516406 0.037497 0.039063
0 0.736363 0.234375 0.040627 0.040625
0 0.899641 0.435156 0.042187 0.039063
0 0.785581 0.357813 0.035936 0.034375
0 0.722300 0.068750 0.049999 0.031250
0 0.045735 0.112500 0.034376 0.034375
0 0.159015 0.034375 0.039066 0.043750
0 0.141051 0.346875 0.031246 0.034375
0 0.074640 0.417969 0.032815 0.032812
0 0.036341 0.541980 0.027569 0.018797
0 0.386591 0.963033 0.028822 0.033835