0 0.751203 0.992187 0.035936 0.015625
0 0.675420 0.991406 0.034376 0.017188
0 0.411654 0.144737 0.021303 0.013784
0 0.407268 0.170426 0.012531 0.007519
0 0.320802 0.196742 0.015038 0.012531
0 0.357143 0.103383 0.020050 0.016291
0 0.345238 0.075188 0.013784 0.015038
0 0.348371 0.040727 0.017544 0.016291
0 0.047619 0.238095 0.017544 0.012531
0 0.040100 0.285088 0.017544 0.016291
0 0.038847 0.260652 0.015038 0.007519
0 0.286967 0.195489 0.015038 0.012531
0 0.239348 0.100251 0.015038 0.012531
0 0.219298 0.072055 0.015038 0.013784
0 0.214912 0.048872 0.016291 0.012531