0 0.385585 0.811719 0.051559 0.054688
0 0.325425 0.625781 0.049999 0.054688
0 0.355110 0.582031 0.049999 0.032812
0 0.378554 0.564062 0.031246 0.034375
0 0.351209 0.503906 0.042187 0.051563
0 0.548083 0.427344 0.035936 0.042188
0 0.540272 0.369531 0.035936 0.051563
0 0.456677 0.396875 0.031246 0.037500
0 0.419952 0.391406 0.032815 0.039063
0 0.524639 0.482813 0.026564 0.034375
0 0.833241 0.900781 0.040627 0.035937
0 0.571517 0.282031 0.054689 0.051563
0 0.294180 0.229687 0.049999 0.031250
0 0.317614 0.090625 0.049999 0.040625
0 0.228549 0.015625 0.053129 0.031250
0 0.523183 0.191103 0.033835 0.036341