0 0.008025 0.300000 0.016050 0.040625
0 0.044955 0.316406 0.035936 0.029688
0 0.062928 0.434375 0.031246 0.031250
0 0.065269 0.370312 0.032815 0.037500
0 0.164486 0.418750 0.034376 0.037500
0 0.147302 0.445312 0.031246 0.034375
0 0.544170 0.375000 0.037497 0.037500
0 0.613702 0.390625 0.039066 0.034375
0 0.773859 0.368750 0.028125 0.028125
0 0.782460 0.340625 0.042187 0.025000
0 0.800424 0.370312 0.031246 0.043750
0 0.130890 0.753125 0.032815 0.037500
0 0.183239 0.696875 0.034376 0.031250
0 0.214484 0.764062 0.028125 0.028125
0 0.277765 0.730469 0.029685 0.032812
0 0.088703 0.821094 0.029685 0.035938
0 0.409017 0.875781 0.045308 0.042188
0 0.986934 0.862500 0.026132 0.031250