0 0.030109 0.607031 0.043748 0.048437
0 0.165272 0.533594 0.042187 0.048437
0 0.209799 0.487500 0.056250 0.043750
0 0.466053 0.467969 0.056250 0.051563
0 0.619179 0.684375 0.046878 0.043750
0 0.565270 0.692187 0.048438 0.040625
0 0.336361 0.908594 0.046878 0.045312
0 0.296514 0.850781 0.064061 0.054688
0 0.187145 0.958594 0.042187 0.054688
0 0.296514 0.975781 0.060940 0.048438
0 0.697302 0.190625 0.040627 0.040625
0 0.763704 0.175000 0.032815 0.037500
0 0.836366 0.189844 0.037497 0.032812
0 0.969959 0.196875 0.029685 0.043750
0 0.863710 0.260937 0.026564 0.028125
0 0.573935 0.368421 0.025063 0.032581