0 0.088703 0.021094 0.029685 0.035938
0 0.409017 0.075781 0.045308 0.042188
0 0.533238 0.284375 0.049999 0.034375
0 0.555112 0.243750 0.059370 0.053125
0 0.826988 0.352344 0.043748 0.035938
0 0.926205 0.296094 0.051559 0.048438
0 0.891829 0.231250 0.051559 0.050000
0 0.986934 0.062500 0.026132 0.031250
0 0.263703 0.915625 0.026564 0.043750
0 0.323082 0.917188 0.045308 0.034375
0 0.356678 0.949219 0.040627 0.039063
0 0.505894 0.916406 0.029685 0.029688
0 0.506674 0.893750 0.040627 0.028125
0 0.606671 0.973437 0.037497 0.028125
0 0.626984 0.922656 0.040627 0.045312
0 0.961361 0.969531 0.028125 0.045312