0 0.203554 0.093750 0.040627 0.053125
0 0.280117 0.016406 0.056250 0.032812
0 0.291049 0.107812 0.034376 0.040625
0 0.416051 0.095312 0.031246 0.031250
0 0.427772 0.007812 0.045308 0.015624
0 0.479331 0.017188 0.051559 0.034375
0 0.486363 0.060156 0.043748 0.035937
0 0.573867 0.028125 0.031246 0.037500
0 0.610584 0.010156 0.032815 0.020312
0 0.646520 0.008594 0.032815 0.017188
0 0.885581 0.036719 0.039066 0.042188
0 0.981462 0.142187 0.037076 0.034375
0 0.940270 0.277344 0.032815 0.032812
0 0.988722 0.057644 0.022556 0.035088