0 0.872034 0.431119 0.033013 0.037413
0 0.813717 0.282569 0.035212 0.030813
0 0.852229 0.201007 0.033013 0.031086
0 0.855528 0.220950 0.026405 0.030813
0 0.741092 0.145025 0.026405 0.046212
0 0.667368 0.245156 0.041811 0.030813
0 0.415392 0.818444 0.030813 0.041813
0 0.217324 0.864656 0.035212 0.028606
0 0.240430 0.908669 0.037412 0.041813
0 0.326261 0.870156 0.037412 0.044013
0 0.441796 0.828344 0.039612 0.026406
0 0.463802 0.847050 0.039612 0.033013
0 0.457203 0.932881 0.030813 0.037413
0 0.317453 0.930675 0.033013 0.041813
0 0.298747 0.985697 0.035212 0.028606
0 0.806009 0.821744 0.037412 0.044012
0 0.773005 0.450925 0.041811 0.037413
0 0.301378 0.496867 0.028822 0.026316
0 0.291353 0.941103 0.018797 0.022556