0 0.498164 0.058494 0.026403 0.026762
0 0.535585 0.055469 0.029685 0.035938
0 0.586363 0.371094 0.021874 0.023438
0 0.641833 0.408594 0.039066 0.029688
0 0.718316 0.342471 0.029534 0.019318
0 0.969959 0.378906 0.029685 0.042188
0 0.920740 0.339062 0.025004 0.028125
0 0.916830 0.367187 0.017183 0.021875
0 0.932453 0.375000 0.017183 0.034375
0 0.975429 0.325000 0.028125 0.025000
0 0.989275 0.304688 0.021450 0.040625
0 0.950425 0.242188 0.018753 0.028125
0 0.935583 0.245312 0.029685 0.021875
0 0.842617 0.253906 0.025004 0.026562
0 0.040727 0.528822 0.018797 0.027569
0 0.618421 0.595238 0.023810 0.015038
0 0.651003 0.701128 0.023810 0.021303
0 0.688596 0.708647 0.016291 0.016291