0 0.884798 0.385156 0.037497 0.029688
0 0.262142 0.440625 0.023434 0.034375
0 0.291827 0.533594 0.032815 0.023438
0 0.366050 0.445312 0.021874 0.021875
0 0.381673 0.469531 0.031246 0.026562
0 0.588708 0.493750 0.032815 0.028125
0 0.558242 0.435937 0.040627 0.037500
0 0.566054 0.389844 0.031246 0.032812
0 0.866835 0.522656 0.032815 0.023438
0 0.909022 0.546094 0.026564 0.039062
0 0.898080 0.454687 0.023434 0.037500
0 0.983804 0.873438 0.032392 0.021875
0 0.937927 0.860938 0.025004 0.025000
0 0.897300 0.926563 0.028125 0.028125
0 0.883238 0.858594 0.025004 0.032812
0 0.743394 0.946094 0.020313 0.029688
0 0.722300 0.869531 0.028125 0.026562
0 0.704328 0.894531 0.042187 0.026562
0 0.625424 0.944531 0.034376 0.026562
0 0.976817 0.473684 0.018797 0.020050