0 0.430113 0.364844 0.062501 0.045312
0 0.326986 0.232031 0.034376 0.029688
0 0.376984 0.282813 0.043748 0.031250
0 0.423862 0.175781 0.049999 0.032812
0 0.330116 0.129687 0.025004 0.025000
0 0.295740 0.134375 0.025004 0.028125
0 0.263705 0.124219 0.026564 0.020312
0 0.262925 0.142187 0.021874 0.021875
0 0.255113 0.180469 0.018753 0.029688
0 0.734015 0.457031 0.035936 0.035937
0 0.816049 0.513281 0.040627 0.039063
0 0.451207 0.718750 0.035936 0.037500
0 0.065271 0.680469 0.039066 0.035937
0 0.078553 0.721094 0.043748 0.026563
0 0.011149 0.735937 0.022298 0.037500