0 0.311359 0.991406 0.034376 0.017188
0 0.359797 0.920312 0.040627 0.031250
0 0.397303 0.803906 0.031246 0.035937
0 0.439491 0.785156 0.031246 0.029688
0 0.401985 0.752344 0.037497 0.026563
0 0.398864 0.715625 0.034376 0.031250
0 0.524645 0.769531 0.026564 0.035937
0 0.612921 0.826562 0.034376 0.021875
0 0.496520 0.885937 0.023434 0.028125
0 0.433240 0.094531 0.031246 0.026563
0 0.449643 0.142187 0.032815 0.031250
0 0.360578 0.070312 0.032815 0.034375
0 0.278553 0.022656 0.031246 0.026563
0 0.203551 0.057031 0.025004 0.020312
0 0.201990 0.000000 0.025004 0.000000
0 0.186358 0.038281 0.025004 0.035937
0 0.284804 0.142969 0.021874 0.029688
0 0.321521 0.111719 0.035936 0.026563
0 0.355896 0.180469 0.017183 0.023437
0 0.386362 0.217187 0.025004 0.028125
0 0.140270 0.047656 0.029685 0.039063
0 0.148861 0.007812 0.025004 0.015624
0 0.125427 0.010937 0.031246 0.021874
0 0.085581 0.039844 0.026564 0.026563
0 0.011930 0.005469 0.023860 0.010937