0 0.541052 0.292188 0.037497 0.034375
0 0.646520 0.255469 0.035936 0.026562
0 0.497304 0.338281 0.043748 0.026562
0 0.527770 0.380469 0.045308 0.032812
0 0.366832 0.400000 0.020313 0.018750
0 0.369173 0.429687 0.018753 0.021875
0 0.353550 0.435156 0.021874 0.020312
0 0.310583 0.467969 0.026564 0.023438
0 0.310583 0.784375 0.023434 0.031250
0 0.257454 0.791406 0.026564 0.023438
0 0.286359 0.790625 0.021874 0.021875
0 0.520738 0.952344 0.031246 0.032812
0 0.468390 0.975000 0.035936 0.028125
0 0.424642 0.943750 0.026564 0.021875
0 0.371523 0.896094 0.039066 0.029688
0 0.210585 0.837500 0.029685 0.021875
0 0.235580 0.846094 0.029685 0.017188
0 0.988495 0.595313 0.023009 0.037500
0 0.896522 0.666406 0.032815 0.026562
0 0.850425 0.672656 0.028125 0.029688