0 0.135582 0.830469 0.051559 0.057812
0 0.362141 0.766406 0.054689 0.045312
0 0.355110 0.687500 0.037497 0.050000
0 0.382454 0.694531 0.048438 0.045312
0 0.590269 0.914062 0.054689 0.065625
0 0.288708 0.633594 0.032815 0.035937
0 0.703549 0.721094 0.040627 0.039063
0 0.793394 0.729688 0.051559 0.040625
0 0.806676 0.792969 0.046878 0.054688
0 0.916835 0.744531 0.051559 0.048437
0 0.953551 0.891406 0.040627 0.051563
0 0.977558 0.928125 0.044884 0.059375
0 0.987713 0.884375 0.024574 0.040625
0 0.040100 0.919799 0.045113 0.032581
0 0.546366 0.854010 0.045113 0.031328
0 0.517544 0.885965 0.042607 0.042607
0 0.555764 0.881579 0.041353 0.041353
0 0.733083 0.756266 0.035088 0.026316
0 0.207393 0.610902 0.028822 0.036341
0 0.521930 0.929198 0.036341 0.036341