0 0.898866 0.212500 0.043748 0.046875
0 0.444959 0.715625 0.029685 0.034375
0 0.439488 0.650781 0.034376 0.023438
0 0.416834 0.695313 0.026564 0.037500
0 0.345742 0.709375 0.031246 0.025000
0 0.354334 0.664844 0.026564 0.023438
0 0.342612 0.639062 0.031246 0.037500
0 0.246516 0.636719 0.023434 0.029688
0 0.259798 0.627344 0.028125 0.029688
0 0.309797 0.509375 0.031246 0.040625
0 0.264489 0.471094 0.034376 0.032812
0 0.044171 0.753125 0.056250 0.053125
0 0.027768 0.818750 0.045308 0.050000
0 0.158240 0.796094 0.037497 0.051562
0 0.253547 0.882031 0.031246 0.032812
0 0.434018 0.926562 0.032815 0.031250
0 0.465273 0.952344 0.042187 0.035938
0 0.494958 0.963281 0.032815 0.029688
0 0.468393 0.985937 0.045308 0.028125
0 0.381678 0.978906 0.028125 0.026562
0 0.063910 0.384712 0.035088 0.027569
0 0.074561 0.413534 0.038847 0.022556