0 0.865271 0.008594 0.045308 0.017188
0 0.813702 0.020312 0.045308 0.037500
0 0.703553 0.146875 0.025004 0.037500
0 0.707454 0.098437 0.042187 0.031250
0 0.985369 0.371094 0.029261 0.039062
0 0.287143 0.830469 0.035936 0.042188
0 0.430897 0.728125 0.035936 0.037500
0 0.431677 0.839062 0.037497 0.043750
0 0.460582 0.791406 0.029685 0.032812
0 0.505110 0.785156 0.037497 0.042188
0 0.453551 0.676562 0.040627 0.031250
0 0.555108 0.800781 0.034376 0.032812
0 0.612148 0.847656 0.032815 0.035937
0 0.755892 0.821094 0.035936 0.039063
0 0.909799 0.747656 0.031246 0.032812
0 0.914489 0.630469 0.034376 0.029688