0 0.305110 0.016406 0.034376 0.026562
0 0.346517 0.007813 0.026564 0.015625
0 0.633235 0.020312 0.028125 0.031250
0 0.201992 0.810156 0.053129 0.054688
0 0.258241 0.800000 0.028125 0.025000
0 0.291047 0.839062 0.037497 0.037500
0 0.316051 0.785937 0.043748 0.046875
0 0.412928 0.792969 0.028125 0.045312
0 0.432461 0.800781 0.029685 0.032812
0 0.453554 0.814062 0.037497 0.034375
0 0.493392 0.810156 0.042187 0.032812
0 0.505894 0.835156 0.045308 0.039063
0 0.480109 0.894531 0.037497 0.048437
0 0.510584 0.900000 0.042187 0.037500
0 0.703547 0.985156 0.046878 0.029688