0 0.348479 0.990898 0.028792 0.018203
0 0.566615 0.960925 0.035993 0.038875
0 0.855299 0.948687 0.046079 0.034556
0 0.796981 0.863012 0.027354 0.030237
0 0.770351 0.909806 0.034554 0.025919
0 0.758112 0.952281 0.024478 0.030237
0 0.742273 0.922769 0.038878 0.023038
0 0.730034 0.911969 0.031678 0.024475
0 0.629248 0.978919 0.028792 0.025919
0 0.644363 0.965244 0.030240 0.024475
0 0.606923 0.944362 0.012963 0.020156
0 0.608370 0.956606 0.018715 0.030237
0 0.555091 0.922769 0.027354 0.034556
0 0.981278 0.956606 0.035993 0.027356
0 0.939523 0.957325 0.035993 0.037437
0 0.966162 0.908369 0.034554 0.028794
0 0.813544 0.795344 0.028792 0.038875
0 0.828659 0.755750 0.030240 0.031675
0 0.714910 0.819819 0.030240 0.044637
0 0.642925 0.778062 0.030240 0.035994
0 0.716357 0.703912 0.035993 0.043194
0 0.773227 0.698875 0.025916 0.030237
0 0.813544 0.665756 0.028792 0.041756
0 0.833698 0.624725 0.025916 0.025919
0 0.737949 0.582969 0.033116 0.034556
0 0.699071 0.573613 0.035993 0.035994
0 0.644363 0.636962 0.030240 0.033119
0 0.601884 0.549850 0.031678 0.037437
0 0.634286 0.534013 0.027354 0.037437
0 0.710595 0.516738 0.024478 0.037437
0 0.740111 0.528256 0.028792 0.034556
0 0.511898 0.719031 0.033116 0.035994
0 0.486697 0.747106 0.037431 0.034556
0 0.457904 0.688075 0.043193 0.037437
0 0.545014 0.652800 0.038878 0.044637
0 0.372233 0.477144 0.038878 0.035994
0 0.591084 0.336037 0.033116 0.024475
0 0.479506 0.360513 0.025916 0.033119
0 0.593246 0.275562 0.025916 0.033119
0 0.643639 0.362675 0.028792 0.034556
0 0.452866 0.232369 0.027354 0.035994
0 0.488859 0.228769 0.027354 0.043194
0 0.379433 0.160381 0.027354 0.035994
0 0.329764 0.171900 0.037431 0.030237
0 0.574530 0.112863 0.028792 0.030237
0 0.660202 0.157500 0.027354 0.030237
0 0.784742 0.070387 0.034554 0.028794
0 0.961848 0.055275 0.025916 0.030237
0 0.437970 0.325188 0.021303 0.026316
0 0.482456 0.488095 0.012531 0.016291
0 0.826441 0.406642 0.028822 0.018797
0 0.540100 0.964912 0.025063 0.022556