0 0.923080 0.071875 0.045308 0.031250
0 0.915269 0.014844 0.039066 0.029688
0 0.612147 0.155469 0.045308 0.023437
0 0.563709 0.154687 0.045308 0.040625
0 0.541835 0.228125 0.035936 0.037500
0 0.512140 0.150000 0.032815 0.025000
0 0.503549 0.108594 0.028125 0.023437
0 0.465272 0.138281 0.023434 0.023437
0 0.363705 0.135937 0.029685 0.040625
0 0.428546 0.109375 0.031246 0.034375
0 0.411363 0.192969 0.037497 0.032812
0 0.366045 0.187500 0.037497 0.031250
0 0.319957 0.206250 0.042187 0.037500
0 0.223081 0.187500 0.042187 0.031250
0 0.210579 0.146875 0.045308 0.031250
0 0.205898 0.260937 0.039066 0.018750
0 0.855109 0.901562 0.040627 0.037500
0 0.780896 0.874219 0.039066 0.035937
0 0.733238 0.877344 0.037497 0.042188
0 0.684799 0.919531 0.053129 0.035937