0 0.153548 0.085938 0.062501 0.062500
0 0.105110 0.048438 0.043748 0.043750
0 0.286361 0.067188 0.046878 0.043750
0 0.320737 0.038281 0.053129 0.048437
0 0.536363 0.013281 0.053129 0.026562
0 0.616047 0.089062 0.040627 0.040625
0 0.606675 0.053906 0.034376 0.032812
0 0.584802 0.191406 0.025004 0.035937
0 0.468392 0.335937 0.045308 0.043750
0 0.366834 0.409375 0.045308 0.050000
0 0.277769 0.379687 0.035936 0.037500
0 0.302773 0.399219 0.029685 0.045312
0 0.108240 0.385937 0.040627 0.040625
0 0.501207 0.378906 0.048438 0.023437
0 0.504328 0.426563 0.048438 0.040625
0 0.578551 0.575000 0.046878 0.050000
0 0.631679 0.642187 0.043748 0.043750
0 0.604335 0.732812 0.048438 0.053125
0 0.419954 0.725781 0.032815 0.051563
0 0.401990 0.748437 0.028125 0.046875
0 0.963659 0.015038 0.032581 0.030075