0 0.209797 0.782812 0.043748 0.037500
0 0.693390 0.175000 0.042187 0.050000
0 0.346520 0.199219 0.048438 0.035937
0 0.237922 0.261719 0.031246 0.032812
0 0.415272 0.522656 0.029685 0.039063
0 0.479333 0.522656 0.029685 0.032812
0 0.379336 0.535156 0.023434 0.032812
0 0.279329 0.567969 0.039066 0.045312
0 0.251204 0.528906 0.032815 0.039063
0 0.113710 0.057812 0.026564 0.028125
0 0.284020 0.039062 0.026564 0.031250
0 0.246523 0.028906 0.023434 0.023437
0 0.244953 0.051562 0.032815 0.021875
0 0.575429 0.144531 0.028125 0.023437
0 0.599643 0.130469 0.023434 0.029688
0 0.229950 0.132206 0.026316 0.018797