0 0.081144 0.390288 0.052903 0.057131
0 0.199875 0.409148 0.041353 0.031328
0 0.242953 0.351131 0.029765 0.038101
0 0.277649 0.385409 0.031167 0.041495
0 0.731831 0.400863 0.050788 0.048669
0 0.784461 0.435464 0.030075 0.033835
0 0.372102 0.478100 0.042319 0.046556
0 0.559369 0.395575 0.048673 0.046556
0 0.598520 0.465406 0.055018 0.055019
0 0.159436 0.741532 0.031744 0.044467
0 0.247251 0.764825 0.038089 0.035975
0 0.210225 0.757907 0.031744 0.037117
0 0.247251 0.824075 0.042319 0.027506
0 0.286268 0.794486 0.031475 0.027569
0 0.434211 0.414160 0.018797 0.033835
0 0.210526 0.774436 0.025063 0.025063
0 0.298872 0.822682 0.028822 0.018797
0 0.320175 0.374060 0.028822 0.031328