0 0.377767 0.907813 0.045308 0.037500
0 0.440267 0.919531 0.054689 0.048438
0 0.235582 0.862500 0.048438 0.040625
0 0.133235 0.917969 0.059370 0.035938
0 0.134795 0.778125 0.046878 0.043750
0 0.451989 0.721875 0.040627 0.034375
0 0.359023 0.692969 0.035936 0.029688
0 0.405891 0.657813 0.032815 0.040625
0 0.400421 0.623437 0.040627 0.037500
0 0.018182 0.471875 0.036363 0.043750
0 0.009588 0.567969 0.019175 0.032812
0 0.607456 0.800781 0.054689 0.048438
0 0.498867 0.925781 0.037497 0.042188
0 0.114035 0.519424 0.027569 0.028822
0 0.115288 0.554511 0.025063 0.021303
0 0.485589 0.815163 0.026316 0.023810