0 0.553554 0.109375 0.053129 0.059375
0 0.609803 0.075000 0.037497 0.046875
0 0.566827 0.255469 0.060940 0.067188
0 0.726984 0.135937 0.043748 0.040625
0 0.768391 0.107812 0.039066 0.040625
0 0.139484 0.021094 0.053129 0.042188
0 0.060580 0.168750 0.035936 0.040625
0 0.664483 0.421875 0.059370 0.078125
0 0.735585 0.460937 0.045308 0.056250
0 0.780893 0.283594 0.035936 0.064063
0 0.047298 0.499219 0.075003 0.054688
0 0.068392 0.591406 0.051559 0.060937
0 0.025424 0.633594 0.034376 0.051563
0 0.056679 0.675781 0.056250 0.054688
0 0.000212 0.867188 0.000424 0.043750
0 0.015838 0.875781 0.031675 0.045312
0 0.052769 0.878906 0.039066 0.057812
0 0.017400 0.823438 0.034800 0.059375
0 0.119170 0.883594 0.043748 0.045312
0 0.988095 0.402551 0.023810 0.026978
0 0.909015 0.666406 0.064061 0.054688
0 0.740266 0.582812 0.051559 0.043750
0 0.990838 0.700000 0.018323 0.046875
0 0.893392 0.733594 0.057810 0.042188
0 0.863707 0.807812 0.057810 0.040625
0 0.782453 0.729688 0.048438 0.050000
0 0.940270 0.810938 0.039066 0.040625