0 0.963707 0.120312 0.064061 0.053125
0 0.957456 0.166406 0.064061 0.039062
0 0.888704 0.200000 0.054689 0.046875
0 0.968964 0.325000 0.062072 0.056250
0 0.625429 0.309375 0.056250 0.046875
0 0.914488 0.607031 0.068752 0.054687
0 0.894175 0.696094 0.068752 0.073437
0 0.743390 0.660938 0.067191 0.050000
0 0.894175 0.878906 0.059370 0.060938
0 0.750421 0.899219 0.062501 0.054688
0 0.962146 0.921094 0.057810 0.035938
0 0.973647 0.882812 0.052706 0.034375
0 0.324648 0.952344 0.057810 0.051562
0 0.080896 0.771875 0.045308 0.050000
0 0.216165 0.796992 0.026316 0.040100
0 0.898496 0.097744 0.040100 0.047619