0 0.301203 0.235156 0.051559 0.051562
0 0.534802 0.327344 0.046878 0.051562
0 0.206078 0.167969 0.026191 0.029688
0 0.818391 0.058594 0.029685 0.032812
0 0.763702 0.035937 0.039066 0.040625
0 0.594953 0.201563 0.029685 0.031250
0 0.570738 0.195312 0.028125 0.031250
0 0.780220 0.319531 0.046656 0.039062
0 0.854010 0.257031 0.031328 0.032812
0 0.885582 0.390625 0.045308 0.046875
0 0.900425 0.364062 0.034376 0.037500
0 0.769953 0.397656 0.048438 0.045312
0 0.806678 0.525000 0.056250 0.040625
0 0.850426 0.985156 0.043748 0.029688
0 0.844612 0.926692 0.035088 0.031328
0 0.382206 0.444236 0.022556 0.041353
0 0.232456 0.300752 0.036341 0.027569
0 0.394737 0.279449 0.030075 0.022556