0 0.230116 0.592188 0.034376 0.040625
0 0.203552 0.471094 0.034376 0.039062
0 0.255111 0.382031 0.037497 0.035937
0 0.377772 0.418750 0.039066 0.040625
0 0.459796 0.490625 0.025004 0.034375
0 0.551202 0.515625 0.029685 0.031250
0 0.631675 0.483594 0.031246 0.032812
0 0.786361 0.387500 0.031246 0.031250
0 0.754336 0.425781 0.032815 0.029687
0 0.814486 0.470313 0.043748 0.037500
0 0.745735 0.557031 0.028125 0.029687
0 0.698077 0.605469 0.026564 0.042187
0 0.636366 0.543750 0.028125 0.037500
0 0.580896 0.615625 0.026564 0.040625
0 0.509014 0.627344 0.023434 0.029687
0 0.358238 0.610156 0.046878 0.039062
0 0.317612 0.510156 0.025004 0.026562
0 0.341046 0.691406 0.037497 0.032812
0 0.427770 0.673438 0.032815 0.034375
0 0.502773 0.755469 0.032815 0.035938
0 0.241049 0.967187 0.043748 0.050000
0 0.917614 0.055469 0.034376 0.054687
0 0.601210 0.285156 0.026564 0.032812
0 0.575425 0.924219 0.037497 0.039062
0 0.582457 0.866406 0.029685 0.042188
0 0.485580 0.853906 0.039066 0.039062
0 0.772299 0.906250 0.040627 0.040625
0 0.993963 0.837500 0.012074 0.053125
0 0.818397 0.950000 0.032815 0.031250
0 0.613702 0.964844 0.029685 0.029688