0 0.151989 0.039844 0.031246 0.029688
0 0.184015 0.028125 0.032815 0.028125
0 0.201988 0.578906 0.031246 0.029688
0 0.214490 0.540625 0.040627 0.034375
0 0.196517 0.508594 0.042187 0.032812
0 0.165272 0.498437 0.035936 0.031250
0 0.239485 0.423437 0.040627 0.037500
0 0.198078 0.368750 0.035936 0.040625
0 0.109022 0.364063 0.032815 0.046875
0 0.082458 0.412500 0.035936 0.031250
0 0.712145 0.299219 0.035936 0.042188
0 0.801990 0.598437 0.028125 0.025000
0 0.841827 0.751562 0.029685 0.031250
0 0.804331 0.733594 0.032815 0.032812
0 0.622180 0.414160 0.018797 0.018797