0 0.086367 0.042187 0.043748 0.040625
0 0.228551 0.007813 0.040627 0.015625
0 0.383237 0.130469 0.059370 0.045312
0 0.401210 0.105469 0.042187 0.045312
0 0.587142 0.572656 0.032815 0.035938
0 0.605115 0.602344 0.034376 0.039062
0 0.792617 0.682813 0.046878 0.040625
0 0.804329 0.762500 0.032815 0.043750
0 0.986360 0.582813 0.025004 0.043750
0 0.964486 0.576563 0.025004 0.034375
0 0.912147 0.557813 0.032815 0.028125
0 0.901206 0.504687 0.035936 0.037500
0 0.887923 0.607031 0.037497 0.048438
0 0.246867 0.601504 0.022556 0.037594
0 0.255639 0.478070 0.027569 0.026316
0 0.288847 0.466165 0.023810 0.022556
0 0.749373 0.676692 0.025063 0.022556
0 0.704261 0.657268 0.030075 0.023810
0 0.676692 0.658521 0.027569 0.028822