0 0.167442 0.846806 0.031678 0.037437
0 0.052254 0.836731 0.040317 0.037437
0 0.227912 0.808656 0.031678 0.024475
0 0.425895 0.873444 0.035993 0.038875
0 0.492127 0.874169 0.030240 0.031675
0 0.533158 0.825212 0.020154 0.031675
0 0.584275 0.779137 0.033116 0.023038
0 0.577075 0.743862 0.030240 0.021600
0 0.561236 0.702106 0.030240 0.041756
0 0.031377 0.617875 0.027354 0.037438
0 0.104809 0.576125 0.024478 0.037438
0 0.114172 0.515650 0.025916 0.025919
0 0.300621 0.674750 0.035993 0.038875
0 0.288391 0.573244 0.037431 0.031675
0 0.224312 0.632994 0.033116 0.033119
0 0.173204 0.641631 0.040317 0.030238
0 0.046492 0.448700 0.031678 0.027356
0 0.183281 0.531487 0.034554 0.031675
0 0.089599 0.622807 0.023810 0.020050
0 0.068296 0.588972 0.026316 0.027569
0 0.357769 0.859649 0.033835 0.022556
0 0.605890 0.836466 0.021303 0.023810