0 0.967356 0.954887 0.065287 0.065600
0 0.834208 0.855431 0.074063 0.065600
0 0.771783 0.799356 0.050788 0.067713
0 0.559117 0.861781 0.057133 0.052900
0 0.506214 0.945362 0.061363 0.046556
0 0.289318 0.768675 0.046549 0.044437
0 0.313655 0.749631 0.040204 0.040206
0 0.298841 0.723181 0.048673 0.042319
0 0.340107 0.703075 0.050788 0.040206
0 0.384540 0.732700 0.050788 0.048669
0 0.234300 0.882944 0.050788 0.048669
0 0.132733 0.688262 0.050788 0.061369
0 0.176105 0.731644 0.052903 0.046556
0 0.066078 0.731644 0.052903 0.033856
0 0.038564 0.782431 0.048673 0.029625
0 0.078768 0.655463 0.040204 0.046556
0 0.522556 0.760025 0.042607 0.018797