0 0.043396 0.902344 0.048438 0.035937
0 0.173858 0.972656 0.031246 0.026563
0 0.326204 0.904687 0.026564 0.025000
0 0.341047 0.869531 0.031246 0.032812
0 0.349648 0.910156 0.029685 0.032812
0 0.057458 0.496875 0.051559 0.043750
0 0.687501 0.693750 0.033518 0.034375
0 0.916647 0.710871 0.036301 0.028258
0 0.465268 0.382031 0.042187 0.042188
0 0.525428 0.122656 0.037497 0.035937
0 0.844172 0.263281 0.028125 0.029688
0 0.339599 0.018797 0.022556 0.025063
0 0.372180 0.021930 0.025063 0.023810
0 0.275689 0.008145 0.017544 0.016290