0 0.169959 0.378906 0.029685 0.042188
0 0.120740 0.339062 0.025004 0.028125
0 0.116830 0.367187 0.017183 0.021875
0 0.132453 0.375000 0.017183 0.034375
0 0.175429 0.325000 0.028125 0.025000
0 0.191832 0.304688 0.026564 0.040625
0 0.218397 0.302344 0.023434 0.023438
0 0.247302 0.276562 0.028125 0.037500
0 0.150425 0.242188 0.018753 0.028125
0 0.135583 0.245312 0.029685 0.021875
0 0.042617 0.253906 0.025004 0.026562
0 0.448086 0.359375 0.026564 0.034375
0 0.438705 0.375000 0.020313 0.034375
0 0.551204 0.266406 0.032815 0.032812
0 0.572297 0.258594 0.028125 0.029688
0 0.563706 0.224219 0.026564 0.035938
0 0.734015 0.287500 0.029685 0.025000
0 0.852765 0.346094 0.026564 0.026562
0 0.736365 0.640625 0.028125 0.028125
0 0.756678 0.709375 0.034376 0.031250
0 0.858236 0.643750 0.028125 0.028125
0 0.914787 0.670426 0.017544 0.020050