0 0.031328 0.630952 0.045113 0.046366
0 0.225039 0.523469 0.035974 0.040206
0 0.257836 0.528756 0.029629 0.029625
0 0.282172 0.516062 0.040204 0.038088
0 0.313907 0.556269 0.052903 0.046556
0 0.354120 0.556269 0.035974 0.025394
0 0.359403 0.525581 0.046549 0.044437
0 0.247251 0.024075 0.042319 0.027506
0 0.288517 0.015741 0.035974 0.031481
0 0.671520 0.389100 0.074063 0.055019
0 0.619674 0.437343 0.031328 0.027569
0 0.684211 0.460526 0.037594 0.031328
0 0.827068 0.468672 0.022556 0.022556
0 0.849624 0.349624 0.022556 0.027569
0 0.885965 0.348997 0.027569 0.028822