0 0.120909 0.783181 0.033013 0.042181
0 0.088808 0.754756 0.023838 0.044012
0 0.439090 0.890463 0.038512 0.033013
0 0.462017 0.877625 0.036679 0.036681
0 0.405165 0.841863 0.040345 0.038513
0 0.474857 0.839113 0.033013 0.040344
0 0.528033 0.823525 0.036679 0.038512
0 0.523455 0.774925 0.034846 0.036681
0 0.550959 0.776763 0.031180 0.036681
0 0.351059 0.788681 0.027504 0.034844
0 0.333641 0.778594 0.029347 0.036681
0 0.413419 0.719906 0.038512 0.033013
0 0.448264 0.728163 0.034846 0.031175
0 0.674748 0.693715 0.033013 0.034046
0 0.671082 0.736413 0.036679 0.033013
0 0.072682 0.260427 0.035088 0.049677
0 0.638069 0.180738 0.040345 0.033013
0 0.638990 0.211913 0.042178 0.033013
0 0.724267 0.188075 0.047686 0.036681
0 0.769199 0.127550 0.034846 0.036681
0 0.634403 0.096375 0.036679 0.033013
0 0.813210 0.093625 0.034846 0.023844
0 0.777452 0.166062 0.036679 0.033013
0 0.166667 0.578321 0.022556 0.028822
0 0.174185 0.530702 0.020050 0.028822
0 0.288847 0.597118 0.021303 0.026316