0 0.066099 0.987572 0.035993 0.024856
0 0.319505 0.931231 0.035993 0.038875
0 0.245357 0.799487 0.031678 0.034556
0 0.110731 0.761331 0.024478 0.030237
0 0.011808 0.825406 0.023616 0.034556
0 0.068976 0.860681 0.024478 0.021600
0 0.046660 0.853481 0.034554 0.021600
0 0.042336 0.759169 0.034554 0.023038
0 0.277750 0.692937 0.030240 0.031675
0 0.346859 0.739012 0.030240 0.034556
0 0.147447 0.245150 0.037431 0.034556
0 0.055299 0.214194 0.040317 0.027356
0 0.055299 0.148687 0.046079 0.034556
0 0.334620 0.451769 0.037431 0.038875
0 0.167601 0.487762 0.028792 0.027356
0 0.124408 0.492806 0.034554 0.028794
0 0.223032 0.199800 0.038878 0.033119
0 0.181278 0.156606 0.035993 0.027356
0 0.139523 0.157325 0.035993 0.037437
0 0.166162 0.108369 0.034554 0.028794
0 0.240310 0.174600 0.035993 0.028794
0 0.229518 0.145087 0.031678 0.033119
0 0.277750 0.141487 0.027354 0.031675
0 0.250396 0.101888 0.035993 0.030237
0 0.335344 0.051494 0.027354 0.038875
0 0.430368 0.063737 0.027354 0.034556
0 0.418129 0.339462 0.031678 0.035994
0 0.411653 0.280431 0.027354 0.027356
0 0.051699 0.692219 0.033116 0.027356
0 0.539794 0.142206 0.030240 0.035994
0 0.053861 0.528800 0.034554 0.034556