0 0.588709 0.502344 0.045308 0.035937
0 0.616054 0.534375 0.040627 0.031250
0 0.736364 0.745312 0.034376 0.021875
0 0.760579 0.729688 0.032815 0.031250
0 0.744176 0.818750 0.049999 0.037500
0 0.800425 0.732812 0.034376 0.037500
0 0.812927 0.781250 0.037497 0.034375
0 0.826990 0.714844 0.021874 0.017188
0 0.791834 0.700000 0.029685 0.025000
0 0.845733 0.617969 0.034376 0.029688
0 0.811367 0.592187 0.034376 0.025000
0 0.819958 0.625781 0.023434 0.023437
0 0.798085 0.520312 0.035936 0.037500
0 0.846523 0.430469 0.020313 0.017188
0 0.882459 0.550000 0.032815 0.031250