0 0.080896 0.339062 0.032815 0.034375
0 0.111361 0.315625 0.028125 0.028125
0 0.142616 0.310937 0.031246 0.025000
0 0.186364 0.327344 0.040627 0.042188
0 0.118392 0.359375 0.039066 0.034375
0 0.142616 0.532031 0.031246 0.026562
0 0.157459 0.565625 0.042187 0.021875
0 0.159799 0.594531 0.046878 0.026562
0 0.194955 0.467969 0.035936 0.023438
0 0.177772 0.448437 0.032815 0.025000
0 0.210578 0.407031 0.032815 0.026562
0 0.225421 0.432031 0.031246 0.026562
0 0.269178 0.363281 0.031246 0.042188
0 0.294172 0.372656 0.031246 0.035938
0 0.351992 0.364062 0.031246 0.028125
0 0.284801 0.415625 0.031246 0.034375
0 0.448859 0.450000 0.034376 0.034375
0 0.449648 0.488281 0.039066 0.042188
0 0.318396 0.236719 0.026564 0.026562
0 0.338710 0.227344 0.026564 0.032812