0 0.041052 0.176562 0.046878 0.056250
0 0.070737 0.102344 0.031246 0.039063
0 0.068397 0.071875 0.035936 0.031250
0 0.125426 0.084375 0.046878 0.046875
0 0.133238 0.123437 0.040627 0.034375
0 0.278552 0.326441 0.043748 0.048872
0 0.445741 0.276412 0.040627 0.044052
0 0.481677 0.293750 0.046878 0.046875
0 0.455893 0.464844 0.051559 0.048437
0 0.470735 0.599219 0.040627 0.060937
0 0.567612 0.636719 0.043748 0.042188
0 0.651986 0.592187 0.046878 0.031250
0 0.680891 0.578125 0.039066 0.025000
0 0.623081 0.557031 0.051559 0.048437
0 0.579334 0.517187 0.054689 0.053125
0 0.687142 0.518750 0.042187 0.043750
0 0.652766 0.500781 0.042187 0.042188
0 0.651986 0.434375 0.040627 0.040625
0 0.697304 0.432031 0.043748 0.042188
0 0.802772 0.380606 0.051559 0.041913
0 0.917611 0.415625 0.031246 0.040625
0 0.948866 0.378125 0.053129 0.043750
0 0.978339 0.425000 0.043322 0.053125