0 0.748083 0.108594 0.035936 0.029688
0 0.474647 0.007813 0.023434 0.015625
0 0.413706 0.038281 0.023434 0.029688
0 0.375430 0.142969 0.034376 0.032812
0 0.974642 0.113281 0.032815 0.029688
0 0.957459 0.167187 0.042187 0.028125
0 0.479328 0.470313 0.032815 0.031250
0 0.434020 0.399219 0.020313 0.029688
0 0.830897 0.807813 0.042187 0.046875
0 0.894958 0.730469 0.032815 0.039062
0 0.837928 0.686719 0.028125 0.026562
0 0.393393 0.861719 0.048438 0.051562
0 0.661359 0.931250 0.034376 0.043750
0 0.988095 0.144737 0.023810 0.031328