0 0.756678 0.694531 0.028125 0.032812
0 0.777772 0.585937 0.029685 0.028125
0 0.661362 0.632812 0.028125 0.040625
0 0.451207 0.673438 0.042187 0.034375
0 0.600422 0.514062 0.031246 0.043750
0 0.615265 0.482812 0.029685 0.031250
0 0.763710 0.516406 0.026564 0.029688
0 0.796516 0.414844 0.029685 0.020312
0 0.776202 0.397656 0.026564 0.023437
0 0.757459 0.376563 0.029685 0.028125
0 0.671514 0.317187 0.039066 0.034375
0 0.585580 0.407813 0.026564 0.031250
0 0.553554 0.382031 0.025004 0.023437
0 0.986358 0.038281 0.025004 0.035937
0 0.940270 0.047656 0.029685 0.039063
0 0.948861 0.007812 0.025004 0.015624
0 0.925427 0.010937 0.031246 0.021874
0 0.885581 0.039844 0.026564 0.026563
0 0.810578 0.005469 0.026564 0.010937
0 0.387146 0.172656 0.026564 0.026563
0 0.462928 0.116406 0.025004 0.035937
0 0.495734 0.128125 0.025004 0.021875
0 0.513707 0.142187 0.035936 0.021875
0 0.694958 0.128906 0.026564 0.023437
0 0.644959 0.159375 0.039066 0.025000
0 0.656672 0.025000 0.021874 0.031250
0 0.757459 0.025000 0.010942 0.018750
0 0.787144 0.031250 0.023434 0.031250
0 0.037926 0.386719 0.031246 0.032812