0 0.724144 0.063225 0.033859 0.033856
0 0.764348 0.090731 0.050788 0.046556
0 0.808782 0.027380 0.046549 0.054759
0 0.863800 0.014683 0.050788 0.029366
0 0.863800 0.034656 0.059248 0.040206
0 0.871207 0.067456 0.052903 0.055019
0 0.944208 0.052644 0.038089 0.038088
0 0.184547 0.643300 0.063478 0.045999
0 0.488195 0.812312 0.061363 0.055019
0 0.546390 0.816544 0.055018 0.055019
0 0.588709 0.818656 0.046549 0.042319
0 0.633152 0.919169 0.046549 0.044437
0 0.710383 0.857806 0.065603 0.057131
0 0.787622 0.846169 0.046549 0.050787
0 0.891304 0.937156 0.055018 0.055019
0 0.555912 0.701219 0.040204 0.031744
0 0.594001 0.663125 0.078293 0.057131
0 0.645842 0.724494 0.050788 0.040206
0 0.680763 0.716031 0.035974 0.040206
0 0.767516 0.689581 0.069833 0.038088
0 0.769631 0.731900 0.065603 0.033856
0 0.810897 0.720263 0.055018 0.048669
0 0.993266 0.645144 0.013468 0.050787
0 0.600877 0.543233 0.031328 0.028822
0 0.631579 0.511278 0.022556 0.027569