0 0.055109 0.436719 0.034376 0.032812
0 0.096447 0.309473 0.032669 0.037696
0 0.123860 0.277344 0.046878 0.042188
0 0.166047 0.282031 0.034376 0.039063
0 0.155895 0.454687 0.048438 0.034375
0 0.611363 0.314063 0.059370 0.050000
0 0.482461 0.260937 0.039066 0.037500
0 0.500424 0.291406 0.043748 0.039063
0 0.534800 0.241406 0.037497 0.032812
0 0.642609 0.242187 0.031246 0.028125
0 0.700428 0.228125 0.034376 0.034375
0 0.768390 0.233594 0.026564 0.029688
0 0.798085 0.251563 0.026564 0.031250
0 0.858235 0.231250 0.043748 0.037500
0 0.768390 0.313281 0.042187 0.032812
0 0.988493 0.264063 0.023014 0.034375
0 0.981461 0.367969 0.037077 0.035937
0 0.944960 0.369531 0.035936 0.029688
0 0.796515 0.347656 0.029685 0.026563
0 0.830891 0.324219 0.032815 0.029688