0 0.017116 0.243887 0.033859 0.044437
0 0.022408 0.174063 0.035974 0.035975
0 0.068957 0.173000 0.035974 0.042319
0 0.130330 0.171944 0.035974 0.035975
0 0.182171 0.175119 0.038089 0.038088
0 0.225552 0.201569 0.044434 0.040206
0 0.268933 0.088362 0.033859 0.042319
0 0.199100 0.066144 0.055018 0.031744
0 0.212852 0.104231 0.027504 0.035975
0 0.566236 0.026994 0.048673 0.042319
0 0.695317 0.015614 0.057133 0.031228
0 0.161011 0.645944 0.046549 0.040206
0 0.192755 0.690381 0.050788 0.044437
0 0.546129 0.558125 0.029629 0.033856
0 0.421288 0.598331 0.050788 0.046556
0 0.579988 0.568706 0.046549 0.033856
0 0.625484 0.558125 0.031744 0.038088
0 0.781016 0.470306 0.046549 0.044437