0 0.098080 0.985156 0.035936 0.029687
0 0.113703 0.869531 0.026564 0.039062
0 0.048082 0.879687 0.026564 0.037500
0 0.015837 0.871875 0.031674 0.034375
0 0.007245 0.889062 0.014490 0.031250
0 0.474644 0.927344 0.045308 0.035938
0 0.415265 0.959375 0.057810 0.040625
0 0.216831 0.878906 0.032815 0.029688
0 0.194957 0.891406 0.032815 0.017188
0 0.116053 0.914063 0.018753 0.031250
0 0.023078 0.047656 0.045308 0.057812
0 0.021306 0.330469 0.042611 0.054688
0 0.807461 0.917188 0.035936 0.031250
0 0.555898 0.823437 0.048438 0.040625
0 0.796519 0.758594 0.054689 0.039062
0 0.689491 0.686719 0.046878 0.039062
0 0.551207 0.713281 0.042187 0.039062
0 0.966048 0.478125 0.046878 0.034375
0 0.930892 0.360937 0.023434 0.028125
0 0.834796 0.442969 0.031246 0.035938
0 0.878553 0.157812 0.025004 0.031250
0 0.785578 0.104687 0.032815 0.028125
0 0.737139 0.177344 0.032815 0.029688
0 0.661366 0.117969 0.034376 0.029688
0 0.753552 0.001563 0.025004 0.003125
0 0.960577 0.542188 0.035936 0.037500
0 0.926991 0.549219 0.028125 0.035938
0 0.949248 0.765038 0.036341 0.026316