0 0.011151 0.763281 0.022302 0.051563
0 0.076987 0.842187 0.028125 0.046875
0 0.176204 0.087500 0.039066 0.037500
0 0.912929 0.985156 0.037497 0.029688
0 0.129335 0.986719 0.054689 0.026562
0 0.311366 0.981250 0.037497 0.031250
0 0.986150 0.868750 0.027700 0.031250
0 0.951986 0.690625 0.046878 0.034375
0 0.989275 0.700000 0.021450 0.025000
0 0.950425 0.621094 0.046878 0.039062
0 0.878553 0.642187 0.028125 0.037500
0 0.832455 0.677344 0.042187 0.029688
0 0.273080 0.595312 0.048438 0.028125
0 0.322299 0.536719 0.043748 0.029688
0 0.230113 0.464062 0.040627 0.031250
0 0.172303 0.582812 0.037497 0.037500
0 0.071516 0.682812 0.032815 0.031250
0 0.358235 0.237500 0.037497 0.021875
0 0.358235 0.267969 0.028125 0.032812
0 0.459022 0.261719 0.029685 0.035938
0 0.352773 0.339062 0.042187 0.025000
0 0.509020 0.292969 0.017183 0.029688
0 0.533235 0.294531 0.028125 0.026562
0 0.566830 0.250000 0.026564 0.031250
0 0.584803 0.239844 0.034376 0.032812
0 0.574642 0.346094 0.032815 0.023438
0 0.644173 0.347656 0.034376 0.026562
0 0.694172 0.345312 0.028125 0.025000
0 0.466053 0.689844 0.031246 0.042188
0 0.989275 0.414062 0.021450 0.034375
0 0.959797 0.525781 0.049999 0.045312
0 0.913709 0.482812 0.035936 0.034375
0 0.879333 0.476562 0.048438 0.040625
0 0.843397 0.403125 0.042187 0.037500
0 0.784017 0.429687 0.045308 0.040625
0 0.812922 0.360937 0.053129 0.034375
0 0.734799 0.387500 0.043748 0.028125
0 0.684800 0.391406 0.037497 0.023438
0 0.765264 0.275781 0.048438 0.035938
0 0.740270 0.225781 0.057810 0.042188
0 0.701203 0.183594 0.026564 0.045312
0 0.688711 0.228906 0.039066 0.029688
0 0.815272 0.203906 0.039066 0.020312
0 0.812922 0.176562 0.031246 0.043750
0 0.727768 0.071875 0.035936 0.031250
0 0.934803 0.014063 0.037497 0.028125
0 0.946515 0.123437 0.032815 0.025000
0 0.908238 0.130469 0.028125 0.023438
0 0.932453 0.164844 0.026564 0.023438