0 0.103548 0.241406 0.031246 0.023438
0 0.080894 0.207812 0.023434 0.025000
0 0.031675 0.204687 0.031246 0.031250
0 0.122301 0.166406 0.025004 0.029688
0 0.170739 0.180469 0.028125 0.035938
0 0.086364 0.933594 0.037497 0.023437
0 0.051208 0.951562 0.029685 0.031250
0 0.014492 0.971875 0.021874 0.028125
0 0.027765 0.992187 0.023434 0.015625
0 0.329336 0.933594 0.035936 0.051563
0 0.357460 0.985937 0.029685 0.028125
0 0.315273 0.553906 0.039066 0.032812
0 0.316053 0.502344 0.031246 0.029688
0 0.140273 0.489844 0.023434 0.023438
0 0.359801 0.325000 0.046878 0.034375
0 0.380114 0.285938 0.034376 0.034375
0 0.308242 0.297656 0.040627 0.032812
0 0.337147 0.211719 0.032815 0.039062
0 0.441835 0.205469 0.026564 0.035938
0 0.457458 0.166406 0.029685 0.035938
0 0.483242 0.262500 0.031246 0.034375
0 0.633238 0.282813 0.056250 0.034375
0 0.771521 0.945312 0.045308 0.040625
0 0.780893 0.905469 0.035936 0.035937
0 0.594961 0.689844 0.051559 0.032812
0 0.757459 0.905469 0.035936 0.020312
0 0.643390 0.339844 0.042187 0.026562
0 0.608234 0.460156 0.025004 0.023438
0 0.659022 0.376562 0.026564 0.021875
0 0.675425 0.363281 0.025004 0.026562
0 0.711361 0.351562 0.021874 0.015625
0 0.710581 0.324219 0.029685 0.026562
0 0.151003 0.401003 0.026316 0.027569
0 0.312030 0.244361 0.025063 0.027569