0 0.044955 0.482812 0.035936 0.040625
0 0.137921 0.395312 0.037497 0.025000
0 0.146522 0.373437 0.035936 0.021875
0 0.219955 0.378906 0.032815 0.026562
0 0.191050 0.438281 0.031246 0.029688
0 0.280895 0.475781 0.039066 0.042188
0 0.277765 0.513281 0.026564 0.029688
0 0.357458 0.339062 0.035936 0.028125
0 0.444953 0.270313 0.035936 0.031250
0 0.489491 0.148437 0.034376 0.034375
0 0.316831 0.274219 0.035936 0.035938
0 0.540269 0.029687 0.023434 0.031250
0 0.609021 0.032812 0.032815 0.031250
0 0.652769 0.078125 0.035936 0.037500
0 0.781671 0.179687 0.028125 0.025000
0 0.782460 0.150781 0.020313 0.023438
0 0.574645 0.985156 0.035936 0.029688
0 0.343396 0.818750 0.032815 0.028125
0 0.405116 0.797656 0.025004 0.026563
0 0.773079 0.735156 0.032815 0.039063
0 0.573085 0.615625 0.035936 0.043750
0 0.710579 0.432812 0.039066 0.046875
0 0.067043 0.941729 0.028822 0.051378
0 0.193609 0.664787 0.028822 0.021303
0 0.176065 0.622807 0.023810 0.022556