0 0.228053 0.395444 0.044434 0.038088
0 0.242868 0.304456 0.040204 0.046556
0 0.358187 0.449406 0.050788 0.048669
0 0.276717 0.445175 0.040204 0.044437
0 0.334913 0.512887 0.038089 0.035975
0 0.366656 0.512887 0.042319 0.044437
0 0.471401 0.539337 0.035974 0.038088
0 0.495737 0.558381 0.038089 0.042319
0 0.556038 0.564731 0.040204 0.038088
0 0.565560 0.539337 0.042319 0.038088
0 0.528534 0.407087 0.031744 0.035975
0 0.590959 0.471625 0.033859 0.038088
0 0.565560 0.484319 0.050788 0.046556
0 0.662907 0.635619 0.038089 0.031744
0 0.632216 0.693813 0.044434 0.042319
0 0.651260 0.538281 0.044434 0.048669