0 0.962922 0.171094 0.037497 0.039062
0 0.872296 0.328906 0.040627 0.035938
0 0.773079 0.282813 0.029685 0.043750
0 0.784801 0.325781 0.040627 0.042188
0 0.750425 0.334375 0.028125 0.037500
0 0.716830 0.271875 0.032815 0.043750
0 0.651988 0.158594 0.031246 0.039062
0 0.669952 0.130469 0.029685 0.023438
0 0.695736 0.303125 0.037497 0.046875
0 0.651208 0.332813 0.029685 0.034375
0 0.650428 0.284375 0.028125 0.034375
0 0.622303 0.227344 0.043748 0.042188
0 0.599640 0.295313 0.042187 0.034375
0 0.570735 0.245312 0.028125 0.025000
0 0.222296 0.301563 0.053129 0.043750
0 0.464487 0.355469 0.034376 0.042188
0 0.453554 0.309375 0.031246 0.046875
0 0.548861 0.288281 0.031246 0.042188
0 0.580116 0.387500 0.046878 0.043750
0 0.584797 0.451562 0.053129 0.034375
0 0.992402 0.686719 0.015195 0.042188
0 0.935577 0.764062 0.023434 0.040625
0 0.420739 0.837500 0.053129 0.034375