0 0.162927 0.874219 0.040627 0.042187
0 0.131672 0.832031 0.025004 0.020312
0 0.354330 0.733594 0.032815 0.039063
0 0.299641 0.585156 0.032815 0.029687
0 0.084014 0.606250 0.032815 0.025000
0 0.082454 0.548437 0.029685 0.028125
0 0.080894 0.522656 0.023434 0.020313
0 0.094956 0.483594 0.029685 0.029687
0 0.257454 0.455469 0.023434 0.020313
0 0.301991 0.425781 0.025004 0.020313
0 0.274646 0.414063 0.026564 0.028125
0 0.494174 0.367188 0.012502 0.028125
0 0.435584 0.352344 0.026564 0.020313
0 0.457458 0.328125 0.029685 0.025000
0 0.359021 0.325781 0.026564 0.020313
0 0.198083 0.343750 0.029685 0.015625
0 0.046518 0.340625 0.032815 0.025000
0 0.055109 0.393750 0.028125 0.025000
0 0.079333 0.339844 0.029685 0.023438
0 0.112929 0.345313 0.018753 0.031250
0 0.380895 0.281250 0.029685 0.034375
0 0.364492 0.135937 0.025004 0.028125
0 0.285579 0.170313 0.032815 0.034375
0 0.295740 0.025781 0.028125 0.020312
0 0.261364 0.015625 0.037497 0.028125
0 0.914486 0.699219 0.031246 0.032813
0 0.677765 0.622656 0.026564 0.020312
0 0.657452 0.600781 0.026564 0.026563