0 0.799236 0.080106 0.033013 0.035212
0 0.962091 0.145025 0.041811 0.063819
0 0.814642 0.193444 0.046210 0.050619
0 0.927978 0.260562 0.052819 0.044012
0 0.427315 0.260652 0.059417 0.052632
0 0.591270 0.268269 0.057218 0.050619
0 0.737619 0.312281 0.037412 0.033013
0 0.592370 0.428919 0.046210 0.046212
0 0.642980 0.438819 0.046210 0.048413
0 0.651787 0.494937 0.041811 0.050619
0 0.721112 0.498237 0.052819 0.052819
0 0.680392 0.502644 0.041811 0.052819
0 0.728811 0.576362 0.041811 0.041813
0 0.755216 0.608275 0.046210 0.052819
0 0.720551 0.462406 0.037594 0.025063