0 0.046517 0.156250 0.029685 0.025000
0 0.060579 0.139062 0.023434 0.018750
0 0.149644 0.118750 0.035936 0.028125
0 0.219176 0.128906 0.034376 0.026562
0 0.216836 0.154687 0.032815 0.028125
0 0.191051 0.183594 0.028125 0.023438
0 0.218396 0.190625 0.029685 0.028125
0 0.250422 0.225781 0.028125 0.023438
0 0.274646 0.250000 0.035936 0.025000
0 0.461367 0.060937 0.034376 0.037500
0 0.950421 0.206250 0.043748 0.040625
0 0.919956 0.164844 0.035936 0.039062
0 0.857455 0.125781 0.048438 0.048438
0 0.828550 0.064062 0.037497 0.037500
0 0.719172 0.059375 0.034376 0.037500
0 0.796515 0.167187 0.042187 0.053125
0 0.738705 0.140625 0.042187 0.043750
0 0.682455 0.200000 0.042187 0.040625
0 0.756678 0.185937 0.053129 0.037500
0 0.850424 0.225000 0.037497 0.034375
0 0.770740 0.354687 0.034376 0.037500
0 0.562925 0.432031 0.040627 0.039062
0 0.482461 0.432812 0.029685 0.037500
0 0.501985 0.495312 0.034376 0.043750
0 0.618394 0.560156 0.026564 0.039062
0 0.423861 0.495312 0.062501 0.043750
0 0.356679 0.431250 0.034376 0.037500
0 0.330115 0.444531 0.049999 0.035938
0 0.346518 0.514062 0.045308 0.037500
0 0.323084 0.543750 0.039066 0.037500
0 0.416830 0.579687 0.048438 0.043750
0 0.394956 0.635156 0.035936 0.045312
0 0.351989 0.642969 0.043748 0.048438
0 0.031674 0.903906 0.034376 0.029688
0 0.030114 0.863281 0.034376 0.035937
0 0.943390 0.785937 0.026564 0.025000
0 0.955892 0.988281 0.042187 0.023438