0 0.394171 0.993108 0.043748 0.013784
0 0.209799 0.869531 0.034376 0.051563
0 0.159021 0.795312 0.048438 0.043750
0 0.167612 0.751562 0.043748 0.037500
0 0.180894 0.703906 0.045308 0.042188
0 0.260578 0.641406 0.035936 0.048438
0 0.016620 0.619531 0.033239 0.032812
0 0.231673 0.510937 0.043748 0.046875
0 0.370737 0.584375 0.040627 0.037500
0 0.413704 0.567969 0.029685 0.032812
0 0.483236 0.582031 0.037497 0.032812
0 0.380109 0.813281 0.031246 0.035937
0 0.302765 0.912500 0.039066 0.040625
0 0.448860 0.889062 0.034376 0.034375
0 0.466833 0.854688 0.039066 0.046875
0 0.044171 0.297656 0.049999 0.054688
0 0.137147 0.461719 0.032815 0.042188
0 0.231673 0.412500 0.031246 0.050000
0 0.098080 0.188281 0.035936 0.035938
0 0.113703 0.069531 0.026564 0.039062
0 0.048082 0.076208 0.026564 0.030541
0 0.015837 0.073980 0.031674 0.030165
0 0.007245 0.089062 0.014490 0.031250
0 0.493397 0.360156 0.035936 0.039062
0 0.474644 0.127344 0.045308 0.035938
0 0.415265 0.159375 0.057810 0.040625
0 0.216831 0.078906 0.032815 0.029688
0 0.194957 0.091406 0.032815 0.017188
0 0.116053 0.114062 0.018753 0.031250
0 0.951206 0.989844 0.032815 0.020312
0 0.689491 0.976562 0.025004 0.040625
0 0.644173 0.955469 0.031246 0.029688
0 0.752772 0.924219 0.029685 0.023437
0 0.784797 0.960937 0.037497 0.034375
0 0.733238 0.985156 0.031246 0.029688
0 0.801990 0.924219 0.031246 0.029688
0 0.809801 0.916406 0.053129 0.042188
0 0.823864 0.784375 0.018753 0.034375
0 0.858240 0.788281 0.037497 0.020312
0 0.858240 0.764844 0.028125 0.023437
0 0.844957 0.717969 0.029685 0.042187
0 0.739489 0.746094 0.040627 0.035937
0 0.947305 0.783594 0.025004 0.023437
0 0.976210 0.814062 0.042187 0.037500
0 0.990055 0.790625 0.019889 0.031250
0 0.981671 0.753906 0.031246 0.032812
0 0.991620 0.672380 0.016759 0.036490
0 0.759023 0.510937 0.032815 0.037500
0 0.807461 0.117187 0.035936 0.031250
0 0.555898 0.023437 0.048438 0.040625
0 0.504386 0.710526 0.023810 0.020050
0 0.553258 0.629699 0.018797 0.018797
0 0.459273 0.704887 0.021303 0.021303
0 0.402882 0.714286 0.016291 0.015038
0 0.416667 0.766917 0.013784 0.015038
0 0.442982 0.822682 0.021303 0.016291
0 0.305138 0.629073 0.021303 0.022556
0 0.334586 0.506892 0.025063 0.018797
0 0.362155 0.486216 0.020050 0.020050
0 0.374060 0.442982 0.018797 0.023810
0 0.518797 0.505013 0.017544 0.020050
0 0.656015 0.291353 0.036341 0.026316
0 0.859649 0.251253 0.030075 0.023810
0 0.916667 0.124060 0.021303 0.022556
0 0.189223 0.223684 0.020050 0.023810