0 0.329054 0.648656 0.034554 0.037437
0 0.359293 0.611944 0.023039 0.030237
0 0.475195 0.714887 0.033116 0.031675
0 0.627823 0.665938 0.038878 0.034556
0 0.507597 0.302381 0.031678 0.027356
0 0.542866 0.339094 0.027354 0.031675
0 0.759564 0.302381 0.028792 0.035994
0 0.946737 0.669537 0.031678 0.035994
0 0.914345 0.642175 0.030240 0.027356
0 0.843788 0.634256 0.035993 0.028794
0 0.791957 0.594662 0.035993 0.033119
0 0.728610 0.555069 0.033116 0.028794
0 0.938822 0.529150 0.035993 0.028794
0 0.916507 0.419006 0.034554 0.030237
0 0.990650 0.396688 0.018699 0.028794
0 0.881952 0.223188 0.037431 0.041756
0 0.779003 0.213106 0.038878 0.033119
0 0.776118 0.172794 0.030240 0.033119
0 0.871866 0.118081 0.040317 0.047513
0 0.228991 0.424762 0.030240 0.035994
0 0.285137 0.470837 0.027354 0.038875
0 0.334092 0.413963 0.033116 0.031675
0 0.354255 0.365731 0.027354 0.035994
0 0.504711 0.347731 0.023039 0.031675
0 0.537113 0.514031 0.035993 0.030237
0 0.487434 0.416844 0.023039 0.023038
0 0.473757 0.440600 0.033116 0.021600
0 0.474481 0.469400 0.040317 0.027356
0 0.254183 0.627781 0.023039 0.027356
0 0.329054 0.523394 0.028792 0.028794
0 0.424088 0.533469 0.025916 0.028794
0 0.917221 0.763125 0.033116 0.035994
0 0.791957 0.958937 0.027354 0.035994
0 0.782604 0.850950 0.025916 0.027356
0 0.747325 0.852394 0.030240 0.038875
0 0.739975 0.456767 0.033835 0.023810
0 0.615288 0.489348 0.025063 0.023810
0 0.974311 0.542607 0.026316 0.025063
0 0.062030 0.433584 0.021303 0.025063
0 0.128446 0.406015 0.018797 0.022556
0 0.083960 0.405388 0.020050 0.021303
0 0.541980 0.627193 0.028822 0.023810