0 0.018181 0.548437 0.036361 0.056250
0 0.019743 0.597656 0.039486 0.039063
0 0.115265 0.604687 0.042187 0.053125
0 0.069957 0.646094 0.032815 0.032812
0 0.209021 0.621094 0.039066 0.048437
0 0.448081 0.343750 0.035936 0.034375
0 0.484798 0.354687 0.037497 0.046875
0 0.553549 0.393750 0.040627 0.037500
0 0.958238 0.405469 0.043748 0.032812
0 0.973081 0.432031 0.045308 0.032812
0 0.952767 0.517187 0.042187 0.037500
0 0.887146 0.514062 0.039066 0.040625
0 0.677770 0.667188 0.039066 0.034375
0 0.766046 0.642969 0.034376 0.035937
0 0.760584 0.677344 0.035936 0.035937
0 0.337143 0.856250 0.039066 0.034375
0 0.914491 0.723437 0.031246 0.034375
0 0.600251 0.654135 0.040100 0.022556