0 0.069953 0.289063 0.026564 0.031250
0 0.112141 0.307813 0.029685 0.021875
0 0.126203 0.321094 0.032815 0.026563
0 0.193394 0.338281 0.035936 0.026563
0 0.233241 0.303906 0.021874 0.026563
0 0.316835 0.474219 0.042187 0.035937
0 0.483234 0.633594 0.046878 0.035937
0 0.430114 0.625000 0.037497 0.034375
0 0.286360 0.717187 0.031246 0.043750
0 0.184022 0.639844 0.039066 0.032812
0 0.074644 0.832812 0.039066 0.034375
0 0.496516 0.856250 0.035936 0.046875
0 0.529331 0.945312 0.035936 0.028125
0 0.323866 0.982812 0.053129 0.034375
0 0.244953 0.985156 0.054689 0.029688
0 0.948863 0.232031 0.028125 0.029688
0 0.897304 0.228125 0.040627 0.034375
0 0.903545 0.467969 0.034376 0.035937
0 0.708242 0.857031 0.059370 0.051563
0 0.074561 0.701128 0.041353 0.023810
0 0.025063 0.314536 0.025063 0.025063
0 0.367168 0.627193 0.027569 0.016291
0 0.287594 0.528195 0.023810 0.013784