0 0.946106 0.037052 0.035105 0.041522
0 0.901989 0.042969 0.043748 0.045312
0 0.794171 0.125781 0.043748 0.039063
0 0.870734 0.164062 0.037497 0.037500
0 0.881676 0.275000 0.046878 0.046875
0 0.519955 0.484375 0.039066 0.043750
0 0.801992 0.665625 0.040627 0.040625
0 0.738702 0.606250 0.035936 0.034375
0 0.723859 0.664062 0.049999 0.028125
0 0.855112 0.620312 0.049999 0.043750
0 0.955898 0.735156 0.048438 0.057812
0 0.953548 0.885938 0.062501 0.062500
0 0.905110 0.848437 0.043748 0.043750
0 0.236366 0.428906 0.034376 0.039063
0 0.417293 0.256266 0.017544 0.026316