0 0.326989 0.064844 0.034376 0.039062
0 0.294954 0.039062 0.039066 0.037500
0 0.282452 0.022656 0.039066 0.039062
0 0.332460 0.126562 0.035936 0.037500
0 0.373867 0.010938 0.028125 0.021875
0 0.010585 0.640625 0.020313 0.037500
0 0.030889 0.656250 0.026564 0.037500
0 0.064485 0.657813 0.031246 0.034375
0 0.063705 0.607812 0.042187 0.037500
0 0.011929 0.599219 0.023858 0.026562
0 0.550427 0.543750 0.034376 0.043750
0 0.772295 0.629688 0.031246 0.031250
0 0.749641 0.860938 0.039066 0.040625
0 0.759023 0.808594 0.032815 0.029688
0 0.976990 0.718750 0.028125 0.034375