0 0.167442 0.046806 0.031678 0.037437
0 0.052254 0.036731 0.040317 0.037437
0 0.227912 0.010447 0.031678 0.020894
0 0.425895 0.073444 0.035993 0.038875
0 0.492127 0.074169 0.030240 0.031675
0 0.533158 0.025212 0.020154 0.031675
0 0.694415 0.273581 0.034554 0.027356
0 0.671385 0.206631 0.031678 0.028794
0 0.652660 0.343412 0.037431 0.028794
0 0.528834 0.326856 0.037431 0.033119
0 0.362539 0.331894 0.044631 0.028794
0 0.366139 0.292300 0.031678 0.033119
0 0.332299 0.265663 0.033116 0.025919
0 0.986154 0.488119 0.027692 0.033119
0 0.960783 0.519794 0.031678 0.024475
0 0.920466 0.462200 0.031678 0.038875
0 0.940629 0.745125 0.037431 0.037437
0 0.978060 0.630656 0.031678 0.038875
0 0.083208 0.613381 0.033116 0.033119
0 0.782249 0.384450 0.031678 0.035994
0 0.358396 0.054511 0.025063 0.023810
0 0.605890 0.036341 0.021303 0.025063
0 0.558271 0.014411 0.021303 0.028822