0 0.960577 0.039844 0.042187 0.045312
0 0.962927 0.116406 0.034376 0.029688
0 0.760837 0.050202 0.022927 0.027722
0 0.759803 0.159375 0.028125 0.025000
0 0.686361 0.316406 0.031246 0.026562
0 0.984589 0.277344 0.030822 0.039062
0 0.248086 0.047656 0.026564 0.020312
0 0.222301 0.015625 0.031246 0.025000
0 0.184015 0.073437 0.032815 0.021875
0 0.137927 0.060937 0.025004 0.025000
0 0.097300 0.126562 0.028125 0.028125
0 0.228552 0.093750 0.025004 0.025000
0 0.333240 0.125000 0.025004 0.021875
0 0.083238 0.058594 0.025004 0.032812
0 0.641053 0.377344 0.034376 0.042188
0 0.668397 0.426562 0.032815 0.025000
0 0.719176 0.489062 0.037497 0.040625
0 0.566050 0.430469 0.040627 0.029688
0 0.569171 0.460937 0.037497 0.037500
0 0.535585 0.435937 0.029685 0.031250
0 0.492617 0.418750 0.037497 0.031250
0 0.484016 0.391406 0.032815 0.023438
0 0.544956 0.365625 0.032815 0.025000
0 0.451210 0.371875 0.023434 0.021875
0 0.330890 0.429687 0.029685 0.021875
0 0.446520 0.514844 0.032815 0.029688
0 0.441829 0.565625 0.032815 0.025000
0 0.447300 0.639844 0.031246 0.023438
0 0.312927 0.465625 0.025004 0.025000
0 0.237144 0.487500 0.035936 0.025000
0 0.284022 0.515625 0.029685 0.034375
0 0.241054 0.539844 0.040627 0.029688
0 0.299645 0.700000 0.035936 0.037500
0 0.184795 0.703906 0.043748 0.026562
0 0.187926 0.665625 0.034376 0.031250
0 0.184015 0.630469 0.032815 0.029688
0 0.150429 0.588281 0.034376 0.029688
0 0.026208 0.548438 0.029685 0.021875
0 0.020737 0.564063 0.031246 0.025000
0 0.099641 0.663281 0.035936 0.023438
0 0.104331 0.703906 0.035936 0.026562
0 0.121515 0.732812 0.035936 0.028125
0 0.119174 0.790625 0.034376 0.031250
0 0.105892 0.814844 0.026564 0.026563
0 0.618389 0.961719 0.029685 0.026563
0 0.641833 0.925000 0.026564 0.031250
0 0.648864 0.717187 0.028125 0.031250
0 0.659796 0.792188 0.028125 0.031250
0 0.745740 0.766406 0.031246 0.026563
0 0.748861 0.737500 0.028125 0.025000
0 0.803550 0.699219 0.034376 0.026562
0 0.781677 0.610937 0.028125 0.028125
0 0.807461 0.743750 0.026564 0.028125
0 0.787928 0.777344 0.025004 0.023437
0 0.784017 0.826562 0.029685 0.034375
0 0.894956 0.569531 0.026564 0.023438
0 0.918390 0.591406 0.039066 0.032812
0 0.971519 0.619531 0.032815 0.029688
0 0.959017 0.657031 0.042187 0.029688
0 0.917610 0.972656 0.037497 0.029688
0 0.908238 0.952344 0.037497 0.026563
0 0.894956 0.858594 0.032815 0.032812
0 0.931672 0.791406 0.037497 0.035937
0 0.979899 0.869531 0.040202 0.035937