0 0.426193 0.435781 0.048673 0.042319
0 0.490734 0.419913 0.042319 0.044438
0 0.542575 0.456944 0.031744 0.046556
0 0.620867 0.327863 0.044434 0.042319
0 0.622982 0.243219 0.035974 0.042319
0 0.554212 0.226287 0.042319 0.050788
0 0.733019 0.340556 0.031744 0.025394
0 0.728789 0.291888 0.027504 0.038087
0 0.699160 0.281306 0.027504 0.029625
0 0.666363 0.356425 0.029629 0.048669
0 0.881144 0.390288 0.052903 0.057131
0 0.988714 0.409331 0.022572 0.044438
0 0.959436 0.745291 0.031744 0.036949
0 0.472431 0.455514 0.022556 0.023810
0 0.459900 0.409148 0.025063 0.026316
0 0.100251 0.041980 0.025063 0.033835