0 0.027765 0.986719 0.032815 0.026562
0 0.212146 0.830469 0.029685 0.029688
0 0.253553 0.844531 0.037497 0.035937
0 0.304332 0.929687 0.042187 0.034375
0 0.223078 0.794531 0.032815 0.026563
0 0.148865 0.762500 0.025004 0.021875
0 0.133242 0.777344 0.034376 0.026563
0 0.214486 0.403125 0.031246 0.031250
0 0.266045 0.255469 0.021874 0.032812
0 0.287148 0.257031 0.029685 0.023437
0 0.456677 0.926562 0.021874 0.025000
0 0.341048 0.888281 0.025004 0.026563
0 0.382455 0.899219 0.023434 0.035937
0 0.484022 0.914062 0.020313 0.021875
0 0.032455 0.203125 0.035936 0.031250
0 0.110579 0.071094 0.026564 0.029688
0 0.177770 0.046094 0.020313 0.026563
0 0.209016 0.040625 0.026564 0.025000
0 0.343398 0.013281 0.035936 0.026562
0 0.362922 0.001562 0.025004 0.003124
0 0.524639 0.018750 0.026564 0.028125
0 0.570737 0.006250 0.025004 0.012500
0 0.410580 0.235937 0.026564 0.034375
0 0.421521 0.199219 0.026564 0.023437
0 0.237140 0.242969 0.029685 0.026563
0 0.148085 0.563281 0.042187 0.035937
0 0.355891 0.592969 0.029685 0.035937
0 0.348079 0.529687 0.029685 0.031250
0 0.548083 0.607812 0.026564 0.025000
0 0.986148 0.482813 0.027704 0.031250
0 0.989273 0.422656 0.021453 0.023437
0 0.851205 0.468750 0.029685 0.021875
0 0.748867 0.630469 0.037497 0.032812
0 0.719953 0.525000 0.035936 0.025000
0 0.650421 0.484375 0.034376 0.025000
0 0.873859 0.257812 0.031246 0.021875
0 0.908235 0.253125 0.037497 0.021875
0 0.916836 0.275000 0.039066 0.028125
0 0.974646 0.164062 0.023434 0.021875
0 0.980116 0.181250 0.034376 0.018750
0 0.722303 0.197656 0.046878 0.029688
0 0.777772 0.250781 0.032815 0.035937
0 0.699639 0.267969 0.032815 0.017188
0 0.724643 0.275000 0.045308 0.025000
0 0.719172 0.291406 0.028125 0.029688
0 0.615265 0.248437 0.035936 0.031250
0 0.924647 0.567969 0.035936 0.020312