0 0.247300 0.985937 0.049999 0.028125
0 0.145733 0.929687 0.028125 0.018750
0 0.151984 0.885937 0.028125 0.028125
0 0.172298 0.888281 0.031246 0.026563
0 0.141832 0.464063 0.045308 0.031250
0 0.035584 0.466406 0.029685 0.029688
0 0.490343 0.380459 0.023292 0.026582
0 0.575426 0.375000 0.037497 0.037500
0 0.563704 0.406250 0.042187 0.034375
0 0.623084 0.491406 0.039066 0.039063
0 0.023082 0.326562 0.032815 0.040625
0 0.043396 0.102344 0.048438 0.035937
0 0.011151 0.060938 0.022302 0.028125
0 0.173858 0.172656 0.031246 0.026563
0 0.326204 0.104687 0.026564 0.025000
0 0.341047 0.069531 0.031246 0.032812
0 0.349648 0.110156 0.029685 0.032812
0 0.157268 0.373434 0.031328 0.035088
0 0.105890 0.345238 0.021303 0.028822
0 0.116541 0.369048 0.025063 0.033835