0 0.847299 0.143750 0.028125 0.031250
0 0.766046 0.197656 0.040627 0.035938
0 0.948866 0.178906 0.028125 0.029688
0 0.915271 0.132031 0.029685 0.035938
0 0.990056 0.069531 0.019888 0.032812
0 0.735580 0.076562 0.029685 0.034375
0 0.299646 0.721875 0.048438 0.034375
0 0.429328 0.633594 0.042187 0.029688
0 0.433239 0.598438 0.028125 0.028125
0 0.462144 0.583594 0.032815 0.020312
0 0.530115 0.598438 0.031246 0.025000
0 0.523084 0.529687 0.032815 0.028125
0 0.468395 0.472656 0.032815 0.029688
0 0.539487 0.481250 0.031246 0.025000
0 0.641834 0.401562 0.032815 0.034375
0 0.740271 0.480469 0.026564 0.032812
0 0.357456 0.559375 0.029685 0.031250
0 0.395733 0.488281 0.034376 0.029688
0 0.211361 0.510938 0.028125 0.028125
0 0.181676 0.548438 0.031246 0.037500
0 0.100422 0.578906 0.034376 0.042188
0 0.493389 0.834375 0.029685 0.040625
0 0.449642 0.918750 0.035936 0.034375
0 0.679331 0.741406 0.032815 0.032812
0 0.624642 0.806250 0.035936 0.031250
0 0.689483 0.928906 0.028125 0.026562
0 0.728549 0.917969 0.028125 0.026562
0 0.971520 0.691406 0.023434 0.032812
0 0.279333 0.629688 0.026564 0.025000
0 0.744952 0.661719 0.035936 0.042188