0 0.028547 0.901562 0.034376 0.031250
0 0.134795 0.830469 0.031246 0.023437
0 0.159799 0.782812 0.031246 0.037500
0 0.133235 0.854688 0.031246 0.021875
0 0.005682 0.498437 0.011364 0.028125
0 0.025426 0.507812 0.037497 0.028125
0 0.066053 0.443750 0.025004 0.031250
0 0.062143 0.418750 0.023434 0.028125
0 0.069954 0.388281 0.032815 0.026563
0 0.116832 0.361719 0.023434 0.029688
0 0.117612 0.410937 0.028125 0.034375
0 0.173862 0.375000 0.034376 0.028125
0 0.207457 0.354687 0.026564 0.028125
0 0.257456 0.415625 0.029685 0.028125
0 0.226210 0.460937 0.026564 0.031250
0 0.273859 0.511719 0.040627 0.029688
0 0.323867 0.471875 0.031246 0.037500
0 0.356673 0.462500 0.025004 0.034375
0 0.407452 0.510156 0.032815 0.032812
0 0.310585 0.638281 0.023434 0.023437
0 0.267608 0.594531 0.031246 0.032812
0 0.487145 0.644531 0.035936 0.023437
0 0.418393 0.667188 0.032815 0.028125
0 0.191835 0.827344 0.026564 0.026563
0 0.298863 0.983594 0.028125 0.032812
0 0.084017 0.931250 0.023434 0.034375
0 0.017615 0.417187 0.025004 0.028125
0 0.000211 0.424219 0.000422 0.029688
0 0.008808 0.367187 0.017615 0.034375
0 0.055112 0.289062 0.028125 0.028125
0 0.073084 0.260937 0.029685 0.031250
0 0.037148 0.065625 0.039066 0.021875
0 0.018395 0.047656 0.023434 0.029688
0 0.068296 0.132832 0.026316 0.025063