0 0.287143 0.030469 0.035936 0.042188
0 0.431677 0.039062 0.037497 0.043750
0 0.612148 0.047656 0.032815 0.035937
0 0.755892 0.021094 0.035936 0.039063
0 0.805111 0.495313 0.034376 0.040625
0 0.887145 0.436719 0.032815 0.035937
0 0.869952 0.394531 0.035936 0.039063
0 0.832455 0.309375 0.032815 0.031250
0 0.936363 0.373437 0.031246 0.021875
0 0.941054 0.400781 0.034376 0.035937
0 0.966828 0.395313 0.029685 0.034375
0 0.894176 0.531250 0.040627 0.043750
0 0.862141 0.524219 0.032815 0.039063
0 0.351984 0.685937 0.043748 0.037500
0 0.020525 0.800000 0.041050 0.040625
0 0.697302 0.985156 0.040627 0.029688
0 0.763704 0.975000 0.032815 0.037500
0 0.836366 0.986719 0.037497 0.026562
0 0.520050 0.038847 0.025063 0.032581
0 0.481203 0.035088 0.020050 0.035088