0 0.525428 0.140625 0.049999 0.053125
0 0.632457 0.125781 0.042187 0.042188
0 0.684016 0.108594 0.051559 0.051563
0 0.889490 0.171094 0.046878 0.045312
0 0.832460 0.131250 0.035936 0.043750
0 0.852764 0.089062 0.045308 0.025000
0 0.879329 0.110938 0.064061 0.050000
0 0.930897 0.011719 0.057810 0.023438
0 0.957452 0.037500 0.051559 0.040625
0 0.018965 0.432031 0.037930 0.057812
0 0.018183 0.646875 0.036365 0.059375
0 0.073081 0.656250 0.051559 0.059375
0 0.120739 0.679688 0.053129 0.050000
0 0.150425 0.596875 0.053129 0.059375
0 0.216836 0.482031 0.032815 0.039063
0 0.258233 0.500000 0.043748 0.031250
0 0.236842 0.429198 0.030075 0.026316
0 0.241855 0.602130 0.055138 0.048872