0 0.141829 0.273437 0.042187 0.043750
0 0.244957 0.575781 0.045308 0.051563
0 0.388702 0.417187 0.048438 0.046875
0 0.352765 0.388281 0.035936 0.042188
0 0.264490 0.321094 0.037497 0.035937
0 0.333242 0.232031 0.034376 0.039063
0 0.345734 0.305469 0.034376 0.039063
0 0.476986 0.313281 0.037497 0.032812
0 0.896518 0.988281 0.039066 0.023438
0 0.912921 0.900781 0.056250 0.042188
0 0.775427 0.906250 0.056250 0.050000
0 0.036361 0.045312 0.031246 0.028125
0 0.071068 0.007031 0.024342 0.014062
0 0.100422 0.025000 0.031246 0.034375
0 0.649123 0.268797 0.027569 0.023810