0 0.024112 0.906437 0.042001 0.026724
0 0.445138 0.823244 0.031678 0.021600
0 0.391859 0.852037 0.023039 0.021600
0 0.377467 0.874356 0.043193 0.028794
0 0.715106 0.127806 0.030240 0.027356
0 0.609281 0.027019 0.040317 0.030237
0 0.698543 0.015311 0.031678 0.030622
0 0.637358 0.121325 0.018715 0.034556
0 0.503446 0.034219 0.041755 0.041756
0 0.068733 0.497083 0.030454 0.031759
0 0.046305 0.422969 0.031678 0.030237
0 0.921718 0.095412 0.025916 0.031675
0 0.360902 0.199875 0.027569 0.016291
0 0.359649 0.181704 0.025063 0.025063