0 0.405891 0.757812 0.039066 0.037500
0 0.351992 0.716406 0.031246 0.026563
0 0.032458 0.534375 0.039066 0.043750
0 0.182453 0.356250 0.032815 0.040625
0 0.480114 0.719531 0.040627 0.032812
0 0.455110 0.678906 0.049999 0.035937
0 0.390269 0.605469 0.045308 0.035937
0 0.424644 0.391406 0.039066 0.042188
0 0.449648 0.328906 0.039066 0.039063
0 0.480114 0.286719 0.028125 0.026563
0 0.774644 0.612500 0.035936 0.040625
0 0.725426 0.571094 0.037497 0.039063
0 0.743398 0.534375 0.035936 0.040625
0 0.795738 0.517969 0.021874 0.020312
0 0.830113 0.551562 0.043748 0.043750
0 0.465539 0.272556 0.026316 0.018797