0 0.119953 0.725781 0.023434 0.035937
0 0.173082 0.743750 0.039066 0.034375
0 0.407452 0.832031 0.023434 0.029688
0 0.459020 0.788281 0.039066 0.032812
0 0.843396 0.902344 0.048438 0.035937
0 0.801989 0.860938 0.040627 0.028125
0 0.742609 0.841406 0.018753 0.020312
0 0.973858 0.972656 0.031246 0.026563
0 0.158239 0.025000 0.037497 0.046875
0 0.468392 0.036719 0.035936 0.039063
0 0.483235 0.007031 0.034376 0.014062
0 0.781675 0.449219 0.037497 0.032812
0 0.780115 0.492969 0.043748 0.026563
0 0.857458 0.496875 0.051559 0.043750