0 0.905892 0.014844 0.026564 0.026563
0 0.557453 0.053906 0.035936 0.032812
0 0.623083 0.010156 0.035936 0.020312
0 0.150423 0.029688 0.025004 0.031250
0 0.171517 0.067188 0.023434 0.028125
0 0.205112 0.054688 0.028125 0.031250
0 0.120738 0.064062 0.031246 0.028125
0 0.102765 0.102344 0.035936 0.029688
0 0.107456 0.123437 0.029685 0.021875
0 0.306679 0.075781 0.028125 0.029688
0 0.345736 0.083594 0.034376 0.029688
0 0.382453 0.127344 0.035936 0.026563
0 0.453554 0.082812 0.037497 0.028125
0 0.679333 0.104688 0.039066 0.031250
0 0.671522 0.153906 0.039066 0.023437
0 0.625424 0.186719 0.037497 0.039063
0 0.673862 0.185937 0.021874 0.018750
0 0.586367 0.409375 0.031246 0.040625
0 0.756676 0.253906 0.021874 0.029688
0 0.709798 0.236719 0.031246 0.035937
0 0.092613 0.165625 0.031246 0.025000
0 0.017402 0.250781 0.034803 0.039063
0 0.084586 0.270677 0.023810 0.032581