0 0.077773 0.868750 0.042187 0.037500
0 0.054329 0.847656 0.035936 0.029688
0 0.441055 0.547656 0.040627 0.042188
0 0.345739 0.637500 0.028125 0.037500
0 0.292610 0.594531 0.031246 0.035937
0 0.311363 0.562500 0.037497 0.037500
0 0.235580 0.475000 0.042187 0.043750
0 0.724643 0.335156 0.029685 0.032812
0 0.496515 0.009375 0.042187 0.018750
0 0.233083 0.842105 0.022556 0.025063
0 0.285088 0.802005 0.028822 0.022556
0 0.385965 0.773183 0.020050 0.030075
0 0.709900 0.302632 0.021303 0.023810
0 0.468045 0.034461 0.031328 0.021303