0 0.056191 0.039844 0.060935 0.048437
0 0.046819 0.143750 0.060935 0.062500
0 0.149156 0.249219 0.043750 0.054688
0 0.168690 0.179687 0.057811 0.053125
0 0.316349 0.223437 0.024999 0.028125
0 0.280413 0.169531 0.034378 0.035937
0 0.973379 0.038281 0.035936 0.029688
0 0.126506 0.454687 0.032812 0.037500
0 0.199161 0.453906 0.024999 0.032812
0 0.303063 0.545312 0.035936 0.037500
0 0.340565 0.606250 0.029688 0.043750
0 0.426506 0.714062 0.035936 0.046875
0 0.598382 0.681250 0.039060 0.043750
0 0.416344 0.805469 0.049998 0.048437
0 0.361657 0.828125 0.040626 0.043750
0 0.269475 0.789062 0.049998 0.043750
0 0.269475 0.836719 0.043750 0.045312
0 0.217129 0.874219 0.051563 0.054688
0 0.209315 0.925781 0.042184 0.045312
0 0.402283 0.897656 0.046874 0.048437
0 0.347118 0.292607 0.022556 0.023810
0 0.627820 0.318296 0.020050 0.017544