0 0.133234 0.279687 0.028125 0.028125
0 0.073084 0.301563 0.026564 0.037500
0 0.161359 0.239844 0.031246 0.029688
0 0.221519 0.246875 0.032815 0.034375
0 0.277769 0.545312 0.035936 0.034375
0 0.266047 0.609375 0.043748 0.040625
0 0.191834 0.517969 0.023434 0.035938
0 0.060268 0.571945 0.030311 0.031109
0 0.065272 0.617969 0.035936 0.029688
0 0.666835 0.366406 0.026564 0.029688
0 0.734797 0.367187 0.031246 0.031250
0 0.626988 0.507812 0.037497 0.031250
0 0.855117 0.323437 0.037497 0.028125
0 0.903545 0.296094 0.040627 0.032812
0 0.918397 0.561719 0.023434 0.032812
0 0.879331 0.549219 0.032815 0.017188
0 0.887142 0.576562 0.032815 0.046875
0 0.768392 0.507031 0.032815 0.020312
0 0.825422 0.610156 0.021874 0.029688
0 0.915267 0.688281 0.029685 0.035938
0 0.881672 0.732812 0.040627 0.040625
0 0.993965 0.660156 0.012070 0.042188
0 0.829509 0.988722 0.032452 0.022556
0 0.798246 0.323308 0.025063 0.025063