0 0.412929 0.077344 0.056250 0.051563
0 0.519177 0.207031 0.065621 0.045312
0 0.495734 0.164062 0.034376 0.025000
0 0.525428 0.070312 0.034376 0.040625
0 0.644178 0.050000 0.046878 0.053125
0 0.595740 0.107812 0.037497 0.050000
0 0.703549 0.060156 0.034376 0.048437
0 0.741835 0.057031 0.035936 0.035937
0 0.765269 0.157812 0.042187 0.046875
0 0.841052 0.176562 0.046878 0.056250
0 0.870737 0.102344 0.031246 0.039063
0 0.868397 0.071875 0.035936 0.031250
0 0.925426 0.084375 0.046878 0.046875
0 0.933238 0.123437 0.040627 0.034375