0 0.198864 0.491406 0.034376 0.029687
0 0.287148 0.491406 0.029685 0.039063
0 0.254333 0.565625 0.023434 0.028125
0 0.241051 0.525000 0.034376 0.028125
0 0.437144 0.593750 0.039066 0.025000
0 0.436364 0.566406 0.034376 0.029687
0 0.372303 0.514844 0.037497 0.035938
0 0.652771 0.489062 0.042187 0.037500
0 0.398078 0.557812 0.042187 0.031250
0 0.662923 0.736719 0.037497 0.032813
0 0.448866 0.850000 0.034376 0.034375
0 0.474641 0.796094 0.039066 0.035937
0 0.523079 0.814844 0.032815 0.032812
0 0.323865 0.808594 0.031246 0.023437
0 0.340268 0.835938 0.051559 0.037500
0 0.305112 0.969531 0.034376 0.051562
0 0.248120 0.493734 0.025063 0.030075