0 0.959799 0.107031 0.040627 0.032812
0 0.932455 0.029688 0.042187 0.031250
0 0.825426 0.053125 0.028125 0.018750
0 0.673861 0.437500 0.031246 0.037500
0 0.676211 0.490625 0.032815 0.034375
0 0.516054 0.501563 0.049999 0.031250
0 0.440271 0.596875 0.048438 0.043750
0 0.487929 0.568750 0.034376 0.031250
0 0.508242 0.660937 0.037497 0.043750
0 0.047304 0.500781 0.031246 0.032812
0 0.441051 0.994531 0.028125 0.010938
0 0.479328 0.973437 0.032815 0.025000
0 0.929334 0.877344 0.035936 0.035937
0 0.903550 0.843750 0.025004 0.025000
0 0.642857 0.568922 0.020050 0.022556