0 0.339490 0.046875 0.068752 0.059375
0 0.317617 0.110156 0.053129 0.039062
0 0.280111 0.120312 0.053129 0.056250
0 0.208238 0.087500 0.068752 0.059375
0 0.144957 0.074219 0.067191 0.057812
0 0.099640 0.116406 0.070312 0.048438
0 0.021310 0.132812 0.042610 0.056250
0 0.151208 0.250781 0.048438 0.039062
0 0.212929 0.254688 0.043748 0.040625
0 0.244174 0.292969 0.046878 0.039062
0 0.187145 0.294531 0.057810 0.035938
0 0.519952 0.177344 0.057810 0.054688
0 0.816832 0.109375 0.057810 0.050000
0 0.873081 0.100781 0.051559 0.067188
0 0.848867 0.052344 0.043748 0.045312
0 0.053258 0.869674 0.043860 0.037594
0 0.028822 0.913534 0.037594 0.035088
0 0.065789 0.944862 0.038847 0.040100
0 0.373434 0.229950 0.027569 0.023810