0 0.102772 0.350000 0.035936 0.034375
0 0.178555 0.368750 0.043748 0.043750
0 0.398862 0.388281 0.034376 0.032812
0 0.445740 0.389063 0.034376 0.037500
0 0.413705 0.441406 0.035936 0.023437
0 0.355895 0.423437 0.035936 0.021875
0 0.517613 0.371094 0.031246 0.026563
0 0.558239 0.399219 0.028125 0.026563
0 0.598866 0.371094 0.037497 0.026563
0 0.631672 0.382031 0.043748 0.029688
0 0.631672 0.421094 0.031246 0.029688
0 0.609018 0.439844 0.035936 0.020312
0 0.770736 0.433594 0.031246 0.032812
0 0.728549 0.382031 0.034376 0.032812
0 0.822304 0.444531 0.040627 0.029688
0 0.861361 0.463281 0.028125 0.026563
0 0.854330 0.492187 0.032815 0.015625
0 0.877764 0.485156 0.029685 0.014063
0 0.895737 0.501563 0.034376 0.025000
0 0.846519 0.596094 0.020313 0.029688
0 0.935584 0.587500 0.029685 0.028125
0 0.905898 0.652344 0.035936 0.032812
0 0.993181 0.610156 0.013638 0.020312
0 0.986933 0.588281 0.026134 0.020312
0 0.974641 0.570312 0.032815 0.021875
0 0.987713 0.548437 0.024574 0.028125
0 0.939223 0.524436 0.016291 0.011278