0 0.419176 0.767969 0.046878 0.060938
0 0.450422 0.632031 0.049999 0.051562
0 0.473866 0.617969 0.031246 0.035938
0 0.569952 0.653906 0.026564 0.039062
0 0.616830 0.696094 0.039066 0.051562
0 0.465265 0.797656 0.057810 0.039062
0 0.496520 0.769531 0.064061 0.042188
0 0.580894 0.834375 0.045308 0.037500
0 0.644955 0.849371 0.045308 0.045618
0 0.778548 0.844531 0.034376 0.032812
0 0.671519 0.955469 0.042187 0.048438
0 0.670739 0.987500 0.043748 0.025000
0 0.919952 0.980469 0.042187 0.039062
0 0.986933 0.903125 0.026134 0.037500