0 0.702622 0.434462 0.035212 0.033013
0 0.660811 0.432262 0.030813 0.037413
0 0.543076 0.460869 0.041811 0.037413
0 0.488057 0.435384 0.046210 0.031169
0 0.417633 0.523594 0.041811 0.035212
0 0.965606 0.271612 0.046210 0.037413
0 0.803860 0.227594 0.044011 0.041813
0 0.106229 0.320025 0.052819 0.041813
0 0.016807 0.257306 0.033605 0.035212
0 0.315163 0.283208 0.036341 0.025063
0 0.354637 0.259398 0.022556 0.022556
0 0.208020 0.280075 0.032581 0.021303
0 0.096491 0.248747 0.025063 0.016291
0 0.221178 0.235589 0.018797 0.020050
0 0.360276 0.223058 0.018797 0.020050
0 0.526316 0.442982 0.020050 0.026316