0 0.742612 0.025781 0.031246 0.029688
0 0.749643 0.052344 0.032815 0.029688
0 0.752773 0.300000 0.035936 0.028125
0 0.771517 0.317969 0.048438 0.032812
0 0.232455 0.510937 0.039066 0.031250
0 0.262930 0.532031 0.037497 0.035937
0 0.415266 0.460156 0.045308 0.045312
0 0.541047 0.477344 0.034376 0.032812
0 0.564491 0.467969 0.037497 0.032812
0 0.493389 0.667187 0.039066 0.031250
0 0.339483 0.839062 0.049999 0.040625
0 0.383240 0.847656 0.034376 0.029688
0 0.488708 0.878906 0.045308 0.039063
0 0.683241 0.884375 0.062501 0.043750
0 0.980892 0.489063 0.032815 0.028125