0 0.024529 0.170426 0.047686 0.042607
0 0.160237 0.143068 0.033013 0.030496
0 0.191417 0.189494 0.033013 0.036681
0 0.267528 0.199581 0.049519 0.049519
0 0.094221 0.320619 0.036679 0.038513
0 0.134565 0.282106 0.044011 0.045850
0 0.166657 0.297694 0.049519 0.033013
0 0.153826 0.330706 0.038512 0.040344
0 0.255600 0.347212 0.047686 0.051350
0 0.254688 0.465500 0.045844 0.049519
0 0.780101 0.096881 0.040345 0.045850
0 0.332633 0.215169 0.051352 0.051350
0 0.380310 0.344462 0.047686 0.045850
0 0.457333 0.340794 0.051352 0.038513
0 0.461920 0.391225 0.042178 0.047681
0 0.517850 0.479256 0.044011 0.047681
0 0.389484 0.507681 0.047686 0.042181
0 0.339965 0.447162 0.047686 0.042181
0 0.451834 0.556281 0.044011 0.044012
0 0.425242 0.603044 0.031180 0.042181
0 0.397737 0.605794 0.049519 0.051350
0 0.515106 0.990875 0.031180 0.018250
0 0.533835 0.129073 0.027569 0.025063
0 0.481203 0.144110 0.027569 0.017544
0 0.446742 0.187343 0.021303 0.018797
0 0.867168 0.731830 0.022556 0.047619
0 0.979323 0.953008 0.026316 0.023810