0 0.337924 0.283594 0.031246 0.032812
0 0.276983 0.275781 0.034376 0.032812
0 0.338704 0.323437 0.032815 0.025000
0 0.201210 0.808594 0.032815 0.045312
0 0.305898 0.756250 0.032815 0.025000
0 0.505639 0.105263 0.018797 0.017544
0 0.554511 0.127820 0.013784 0.015038
0 0.519424 0.164160 0.018797 0.017544
0 0.563910 0.187343 0.015038 0.016291
0 0.546366 0.186717 0.020050 0.020050
0 0.526942 0.220551 0.021303 0.017544
0 0.545113 0.245614 0.020050 0.015038
0 0.469298 0.214286 0.023810 0.015038
0 0.473684 0.227444 0.017544 0.016291
0 0.672932 0.176692 0.015038 0.017544
0 0.642231 0.172932 0.016291 0.015038
0 0.718672 0.285088 0.018797 0.016291
0 0.201128 0.902882 0.018797 0.023810