0 0.048866 0.606516 0.049999 0.045113
0 0.330114 0.682813 0.037497 0.037500
0 0.238722 0.598371 0.031328 0.031328
0 0.324561 0.646258 0.032581 0.029359
0 0.569958 0.565525 0.042172 0.040825
0 0.731673 0.505469 0.040627 0.042188
0 0.677603 0.542227 0.026886 0.021797
0 0.712140 0.585937 0.054689 0.031250
0 0.723862 0.663281 0.040627 0.048438
0 0.415269 0.111719 0.051559 0.048438
0 0.376203 0.046094 0.035936 0.029688
0 0.214485 0.389062 0.046878 0.043750
0 0.397870 0.509398 0.026316 0.023810
0 0.632832 0.615915 0.030075 0.028822