0 0.963710 0.564062 0.032815 0.031250
0 0.966050 0.645312 0.037497 0.040625
0 0.543233 0.808271 0.026316 0.027569
0 0.488095 0.919799 0.023810 0.030075
0 0.513784 0.894737 0.027569 0.025063
0 0.186090 0.817669 0.023810 0.018797
0 0.184837 0.756266 0.026316 0.021303
0 0.189223 0.715539 0.017544 0.025063
0 0.116541 0.663534 0.020050 0.021303
0 0.064536 0.882206 0.026316 0.025063
0 0.207393 0.680451 0.021303 0.022556
0 0.213659 0.662907 0.023810 0.017544
0 0.687343 0.709900 0.026316 0.026316
0 0.271930 0.283208 0.022556 0.027569
0 0.295113 0.288221 0.021303 0.020050
0 0.375313 0.262531 0.026316 0.021303
0 0.325815 0.244987 0.025063 0.016291
0 0.323308 0.224937 0.017544 0.013784
0 0.638471 0.367168 0.023810 0.017544
0 0.916667 0.401629 0.026316 0.026316