0 0.491050 0.910156 0.037497 0.026563
0 0.475427 0.878906 0.031246 0.029688
0 0.516054 0.965625 0.031246 0.037500
0 0.354327 0.660937 0.029685 0.034375
0 0.605109 0.571094 0.031246 0.032812
0 0.323081 0.637500 0.023434 0.028125
0 0.317610 0.239844 0.031246 0.020312
0 0.472297 0.728125 0.034376 0.031250
0 0.519955 0.302344 0.032815 0.026563
0 0.489489 0.298437 0.031246 0.021875
0 0.458234 0.304687 0.025004 0.031250
0 0.711367 0.286719 0.040627 0.029688
0 0.733083 0.825188 0.032581 0.026316
0 0.621554 0.687343 0.030075 0.021303
0 0.687343 0.647870 0.013784 0.020050