0 0.315265 0.053125 0.045308 0.031250
0 0.344180 0.106250 0.037497 0.028125
0 0.279329 0.013281 0.039066 0.026562
0 0.339489 0.510937 0.056250 0.043750
0 0.348861 0.428125 0.031246 0.028125
0 0.321516 0.334375 0.039066 0.037500
0 0.210577 0.335937 0.026564 0.021875
0 0.045739 0.312500 0.028125 0.028125
0 0.070734 0.346875 0.025004 0.021875
0 0.405891 0.616406 0.042187 0.045312
0 0.318395 0.649219 0.042187 0.032812
0 0.294952 0.694531 0.051559 0.032812
0 0.248083 0.604687 0.023434 0.028125
0 0.189484 0.612500 0.034376 0.028125
0 0.157458 0.678906 0.032815 0.023438
0 0.128553 0.725000 0.031246 0.031250
0 0.069953 0.730469 0.042187 0.029688
0 0.026986 0.824219 0.031246 0.039063
0 0.162139 0.786719 0.029685 0.029688
0 0.206676 0.788281 0.028125 0.017188
0 0.167610 0.841406 0.034376 0.032812
0 0.056671 0.925000 0.034376 0.031250
0 0.223079 0.865625 0.029685 0.028125
0 0.411361 0.857031 0.034376 0.029688
0 0.019175 0.937500 0.025004 0.028125
0 0.572299 0.948437 0.043748 0.034375
0 0.562147 0.976562 0.029685 0.031250
0 0.525421 0.891406 0.034376 0.035937
0 0.500426 0.883594 0.018753 0.020312
0 0.372304 0.919531 0.043748 0.023437
0 0.616827 0.904687 0.032815 0.031250
0 0.623867 0.889062 0.046878 0.034375
0 0.597303 0.836719 0.043748 0.042188
0 0.639490 0.819531 0.046878 0.035937
0 0.559017 0.797656 0.054689 0.042188
0 0.581671 0.766406 0.049999 0.032812
0 0.688708 0.750000 0.039066 0.043750
0 0.448858 0.539062 0.046878 0.043750
0 0.756670 0.750000 0.031246 0.031250
0 0.770742 0.709375 0.046878 0.043750
0 0.722304 0.609375 0.028125 0.031250
0 0.779334 0.583594 0.029685 0.029688
0 0.769172 0.563281 0.028125 0.026562
0 0.673866 0.506250 0.043748 0.040625
0 0.624647 0.602344 0.039066 0.045312
0 0.557456 0.357812 0.035936 0.043750
0 0.534022 0.298438 0.035936 0.050000
0 0.462140 0.281250 0.039066 0.043750
0 0.592612 0.283594 0.046878 0.035938
0 0.594953 0.193750 0.035936 0.034375
0 0.627768 0.281250 0.032815 0.025000
0 0.616827 0.256250 0.032815 0.021875
0 0.666054 0.260156 0.031246 0.051562
0 0.722304 0.169531 0.043748 0.045312
0 0.708242 0.111719 0.037497 0.029688
0 0.684018 0.110156 0.032815 0.029688
0 0.577770 0.126562 0.039066 0.028125
0 0.606675 0.159375 0.046878 0.037500
0 0.494956 0.032812 0.048438 0.028125
0 0.909016 0.554687 0.035936 0.021875
0 0.869179 0.506250 0.034376 0.031250
0 0.973077 0.558594 0.032815 0.039062
0 0.851206 0.385937 0.029685 0.031250
0 0.818391 0.346875 0.029685 0.031250
0 0.744958 0.317188 0.020313 0.034375
0 0.971517 0.322656 0.032815 0.039062
0 0.914487 0.304688 0.028125 0.031250
0 0.857457 0.150781 0.042187 0.048438
0 0.795737 0.048437 0.031246 0.043750
0 0.875421 0.640625 0.028125 0.037500
0 0.904335 0.736719 0.029685 0.035937