0 0.011930 0.084375 0.023859 0.034375
0 0.046523 0.080469 0.045308 0.035937
0 0.044953 0.119531 0.051559 0.032812
0 0.105113 0.139062 0.046878 0.043750
0 0.204330 0.151562 0.042187 0.046875
0 0.245737 0.045312 0.043748 0.040625
0 0.526985 0.910937 0.049999 0.059375
0 0.470735 0.750781 0.056250 0.045312
0 0.410585 0.696094 0.045308 0.035937
0 0.651206 0.860156 0.039066 0.042188
0 0.705895 0.750000 0.035936 0.043750
0 0.793390 0.803906 0.045308 0.060937
0 0.732460 0.788281 0.029685 0.039063
0 0.725428 0.553125 0.025004 0.025000
0 0.745742 0.522656 0.028125 0.029688
0 0.108396 0.009398 0.033835 0.018796