0 0.461366 0.073438 0.049999 0.040625
0 0.267613 0.078125 0.049999 0.037500
0 0.242609 0.096094 0.034376 0.029688
0 0.240268 0.135156 0.039066 0.023437
0 0.243389 0.157812 0.057810 0.025000
0 0.226206 0.178906 0.039066 0.023437
0 0.290267 0.189062 0.042187 0.037500
0 0.230897 0.214844 0.035936 0.029688
0 0.216834 0.242969 0.035936 0.032812
0 0.335584 0.262500 0.032815 0.034375
0 0.396515 0.192969 0.023434 0.026563
0 0.416048 0.181250 0.049999 0.025000
0 0.385583 0.322656 0.029685 0.032812
0 0.487141 0.212500 0.029685 0.031250
0 0.424640 0.275000 0.042187 0.053125
0 0.506674 0.247656 0.037497 0.032812
0 0.849642 0.428906 0.035936 0.035937
0 0.404327 0.989062 0.026564 0.021875
0 0.657268 0.145363 0.031328 0.020050