0 0.766090 0.837150 0.044011 0.035212
0 0.774898 0.785431 0.035212 0.041813
0 0.753992 0.720512 0.033013 0.044012
0 0.738586 0.688600 0.033013 0.046212
0 0.660462 0.613775 0.030813 0.033013
0 0.605444 0.554356 0.039612 0.037413
0 0.720979 0.516944 0.033013 0.055019
0 0.181805 0.213250 0.041811 0.068219
0 0.145493 0.219850 0.048419 0.063819
0 0.008925 0.241856 0.017850 0.046212
0 0.035456 0.013644 0.048419 0.027287
0 0.092674 0.042694 0.052819 0.044012
0 0.019930 0.161531 0.039860 0.039612
0 0.023232 0.198944 0.046464 0.039612