0 0.017403 0.996875 0.034805 0.006250
0 0.014273 0.976563 0.028545 0.043750
0 0.226988 0.540625 0.031246 0.031250
0 0.248082 0.575781 0.032815 0.029688
0 0.259804 0.651563 0.015623 0.021875
0 0.219957 0.686719 0.039066 0.035938
0 0.142614 0.710156 0.034376 0.032812
0 0.176990 0.742969 0.031246 0.039062
0 0.100427 0.753906 0.028125 0.035938
0 0.050428 0.677344 0.037497 0.035938
0 0.565266 0.823438 0.039066 0.034375
0 0.539491 0.863281 0.031246 0.023438
0 0.619175 0.926563 0.034376 0.028125
0 0.445736 0.846875 0.028125 0.028125
0 0.134803 0.810156 0.037497 0.035938
0 0.224648 0.912500 0.045308 0.031250
0 0.146515 0.923438 0.032815 0.025000
0 0.108238 0.930469 0.028125 0.023438
0 0.132453 0.964844 0.026564 0.023438
0 0.327766 0.606250 0.026564 0.025000
0 0.291830 0.583594 0.032815 0.026562